0,46,0,1
0,69,0,1
0,95,0,1
0,99,0,1
0,102,0,1
0,121,0,1
0,213,0,1
0,215,0,1
0,228,0,1
0,245,0,1
0,249,0,1
0,290,0,1
0,311,0,1
0,376,0,1
0,403,0,1
0,436,0,1
0,438,0,1
0,439,0,1
0,532,0,1
0,630,0,1
0,669,0,1
0,701,0,1
0,730,0,1
0,766,0,1
0,781,0,1
0,809,0,1
0,848,0,1
0,1028,0,1
0,1074,0,1
0,1075,0,1
0,1103,0,1
0,1124,0,1
0,1216,0,1
0,1257,0,1
0,1258,0,1
0,1283,0,1
0,1311,0,1
0,1366,0,1
0,1383,0,1
0,1441,0,1
0,1480,0,1
0,1539,0,1
0,1541,0,1
0,1555,0,1
0,1587,0,1
0,1611,0,1
0,1622,0,1
0,1628,0,1
0,1645,0,1
0,1647,0,1
0,1649,0,1
0,1669,0,1
0,1703,0,1
0,1707,0,1
0,1738,0,1
0,1739,0,1
0,1772,0,1
0,1779,0,2
0,1790,0,1
0,1942,0,1
0,2008,0,1
0,2047,0,1
0,2079,0,1
0,2146,0,1
0,2237,0,2
0,2285,0,1
0,2294,0,1
0,2296,0,1
0,2313,0,1
0,2338,0,1
0,2430,0,1
0,2450,0,1
0,2483,0,1
0,2531,0,1
0,2647,0,1
0,2701,0,1
0,2702,0,1
0,2712,0,1
0,2884,0,1
0,2893,0,1
0,2904,0,1
0,2913,0,1
0,2920,0,1
0,2921,0,1
0,2931,0,1
0,2968,0,1
0,2983,0,2
0,2991,0,1
0,3004,0,1
0,3020,0,1
0,3051,0,1
0,3093,0,1
0,3105,0,1
0,3114,0,1
0,3116,0,1
0,3235,0,1
0,3247,0,1
0,3259,0,1
0,3261,0,1
0,3308,0,1
0,3353,0,1
0,3366,0,1
0,3413,0,1
0,3424,0,1
0,3457,0,1
0,3482,0,1
0,3485,0,1
1,44,0,1
1,59,0,1
1,115,0,1
1,173,0,1
1,174,0,1
1,221,0,1
1,256,0,1
1,288,0,1
1,329,0,1
1,338,0,1
1,369,0,1
1,434,0,1
1,470,0,1
1,488,0,1
1,500,0,1
1,507,0,1
1,523,0,1
1,618,0,1
1,728,0,1
1,750,0,1
1,785,0,1
1,931,0,1
1,1082,0,1
1,1088,0,1
1,1105,0,1
1,1196,0,1
1,1267,0,1
1,1313,0,1
1,1369,0,1
1,1390,0,1
1,1451,0,1
1,1465,0,1
1,1470,0,1
1,1671,0,1
1,1694,0,1
1,1721,0,1
1,1778,0,1
1,1782,0,1
1,1793,0,1
1,1820,0,1
1,1840,0,1
1,1942,0,1
1,1949,0,1
1,1964,0,1
1,1967,0,1
1,1968,0,1
1,2077,0,1
1,2100,0,1
1,2102,0,1
1,2136,0,1
1,2138,0,1
1,2161,0,1
1,2234,0,1
1,2245,0,1
1,2314,0,1
1,2364,0,1
1,2430,0,1
1,2443,0,1
1,2450,0,1
1,2514,0,1
1,2517,0,1
1,2530,0,1
1,2576,0,1
1,2577,0,1
1,2623,0,1
1,2677,0,1
1,2680,0,1
1,2692,0,1
1,2698,0,1
1,2720,0,1
1,2747,0,1
1,2761,0,1
1,2795,0,1
1,2845,0,1
1,2925,0,1
1,2952,0,1
1,2962,0,1
1,3000,0,1
1,3010,0,1
1,3061,0,1
1,3065,0,1
1,3070,0,1
1,3106,0,1
1,3109,0,1
1,3225,0,1
1,3331,0,1
1,3352,0,1
1,3428,0,1
1,3465,0,1
2,49,0,1
2,51,0,1
2,90,0,1
2,117,0,1
2,162,0,1
2,210,0,1
2,283,0,1
2,300,0,1
2,376,0,1
2,445,0,2
2,480,0,1
2,658,0,1
2,710,0,1
2,714,0,1
2,753,0,1
2,757,0,1
2,832,0,1
2,840,0,1
2,849,0,1
2,876,0,1
2,907,0,1
2,946,0,1
2,960,0,1
2,994,0,1
2,1029,0,1
2,1032,0,1
2,1033,0,1
2,1036,0,1
2,1058,0,1
2,1059,0,1
2,1060,0,1
2,1130,0,1
2,1153,0,1
2,1164,0,1
2,1178,0,1
2,1216,0,1
2,1223,0,1
2,1251,0,1
2,1302,0,1
2,1357,0,1
2,1387,0,1
2,1434,0,1
2,1438,0,1
2,1466,0,1
2,1487,0,1
2,1492,0,1
2,1494,0,1
2,1500,0,1
2,1519,0,1
2,1633,0,1
2,1674,0,1
2,1683,0,1
2,1744,0,1
2,1751,0,1
2,1809,0,1
2,1826,0,1
2,1834,0,1
2,1844,0,1
2,1930,0,1
2,1970,0,1
2,2019,0,1
2,2061,0,1
2,2109,0,1
2,2190,0,1
2,2241,0,1
2,2276,0,1
2,2324,0,1
2,2333,0,1
2,2401,0,1
2,2444,0,1
2,2546,0,1
2,2563,0,1
2,2579,0,1
2,2634,0,1
2,2653,0,1
2,2675,0,1
2,2688,0,1
2,2696,0,1
2,2726,0,2
2,2728,0,1
2,2799,0,1
2,2802,0,1
2,2866,0,1
2,2886,0,1
2,2887,0,1
2,2904,0,1
2,2931,0,1
2,2938,0,1
2,2991,0,1
2,2992,0,1
2,2994,0,1
2,3013,0,1
2,3092,0,1
2,3137,0,1
2,3165,0,1
2,3185,0,1
2,3247,0,1
2,3311,0,1
2,3371,0,1
2,3378,0,1
2,3389,0,1
2,3392,0,1
2,3393,0,1
2,3406,0,1
2,3451,0,1
3,0,0,1
3,25,0,1
3,42,0,1
3,169,0,1
3,215,0,1
3,231,0,1
3,272,0,1
3,303,0,1
3,351,0,1
3,379,0,1
3,508,0,1
3,548,0,1
3,566,0,1
3,601,0,1
3,739,0,1
3,767,0,1
3,784,0,1
3,832,0,1
3,853,0,1
3,854,0,1
3,1079,0,1
3,1085,0,1
3,1103,0,1
3,1133,0,1
3,1153,0,1
3,1165,0,1
3,1166,0,1
3,1201,0,1
3,1203,0,1
3,1243,0,1
3,1277,0,1
3,1284,0,1
3,1345,0,1
3,1362,0,1
3,1420,0,1
3,1431,0,1
3,1432,0,1
3,1470,0,1
3,1523,0,1
3,1527,0,1
3,1530,0,1
3,1551,0,1
3,1576,0,1
3,1595,0,1
3,1636,0,1
3,1673,0,1
3,1685,0,1
3,1711,0,1
3,1771,0,1
3,1827,0,1
3,1845,0,1
3,1874,0,1
3,1886,0,1
3,1934,0,1
3,1971,0,1
3,1991,0,1
3,2016,0,2
3,2033,0,1
3,2039,0,1
3,2070,0,1
3,2076,0,1
3,2107,0,1
3,2156,0,1
3,2161,0,1
3,2179,0,1
3,2214,0,1
3,2302,0,1
3,2303,0,1
3,2368,0,1
3,2405,0,1
3,2414,0,2
3,2432,0,1
3,2436,0,1
3,2450,0,1
3,2470,0,1
3,2481,0,1
3,2498,0,1
3,2553,0,1
3,2568,0,1
3,2579,0,1
3,2710,0,1
3,2731,0,1
3,2743,0,1
3,2784,0,1
3,2811,0,1
3,2821,0,1
3,2824,0,1
3,2841,0,1
3,2925,0,1
3,2982,0,1
3,3058,0,1
3,3079,0,1
3,3085,0,1
3,3125,0,1
3,3153,0,1
3,3203,0,1
3,3224,0,1
3,3228,0,1
3,3259,0,1
3,3276,0,1
3,3279,0,1
3,3304,0,1
3,3326,0,1
3,3497,0,1
4,139,0,1
4,186,0,1
4,300,0,1
4,317,0,1
4,425,0,1
4,433,0,1
4,480,0,1
4,514,0,1
4,564,0,2
4,580,0,1
4,611,0,1
4,671,0,1
4,683,0,1
4,753,0,1
4,819,0,1
4,833,0,1
4,869,0,1
4,877,0,1
4,887,0,1
4,893,0,1
4,922,0,1
4,923,0,1
4,952,0,1
4,1076,0,1
4,1081,0,1
4,1085,0,1
4,1141,0,1
4,1165,0,1
4,1241,0,1
4,1283,0,1
4,1301,0,1
4,1375,0,1
4,1421,0,1
4,1427,0,1
4,1429,0,1
4,1439,0,1
4,1449,0,1
4,1463,0,2
4,1473,0,1
4,1509,0,1
4,1529,0,1
4,1628,0,1
4,1649,0,1
4,1666,0,1
4,1690,0,1
4,1727,0,1
4,1737,0,1
4,1768,0,1
4,1790,0,1
4,1838,0,1
4,1847,0,1
4,1865,0,1
4,2004,0,1
4,2024,0,1
4,2035,0,1
4,2052,0,1
4,2063,0,1
4,2220,0,1
4,2239,0,1
4,2247,0,1
4,2275,0,1
4,2364,0,1
4,2389,0,1
4,2392,0,1
4,2396,0,1
4,2418,0,1
4,2458,0,1
4,2508,0,1
4,2517,0,1
4,2518,0,1
4,2524,0,1
4,2562,0,1
4,2565,0,1
4,2612,0,1
4,2680,0,1
4,2713,0,1
4,2736,0,1
4,2801,0,1
4,2822,0,1
4,2835,0,1
4,2839,0,1
4,2855,0,1
4,2876,0,1
4,2899,0,1
4,2922,0,1
4,2924,0,1
4,2936,0,1
4,2949,0,1
4,2975,0,1
4,3033,0,1
4,3072,0,1
4,3091,0,1
4,3106,0,1
4,3115,0,1
4,3151,0,1
4,3157,0,1
4,3175,0,1
4,3177,0,1
4,3229,0,1
4,3253,0,1
4,3255,0,1
4,3276,0,1
4,3291,0,1
4,3308,0,1
4,3328,0,1
4,3339,0,1
4,3444,0,1
5,43,0,1
5,115,0,1
5,121,0,1
5,177,0,1
5,216,0,1
5,220,0,1
5,224,0,1
5,288,0,1
5,302,0,1
5,344,0,1
5,354,0,1
5,371,0,1
5,425,0,1
5,456,0,1
5,467,0,2
5,477,0,1
5,504,0,1
5,555,0,1
5,562,0,1
5,600,0,1
5,639,0,1
5,673,0,1
5,712,0,1
5,713,0,1
5,755,0,1
5,780,0,1
5,795,0,1
5,806,0,1
5,842,0,1
5,921,0,1
5,927,0,1
5,930,0,1
5,958,0,1
5,994,0,1
5,1003,0,1
5,1044,0,1
5,1149,0,1
5,1201,0,1
5,1229,0,1
5,1248,0,1
5,1273,0,1
5,1324,0,1
5,1331,0,1
5,1342,0,1
5,1345,0,1
5,1404,0,1
5,1410,0,1
5,1428,0,1
5,1458,0,1
5,1643,0,1
5,1644,0,1
5,1662,0,1
5,1687,0,1
5,1689,0,1
5,1693,0,2
5,1704,0,1
5,1768,0,1
5,1785,0,1
5,1803,0,1
5,1857,0,1
5,1904,0,1
5,1911,0,1
5,1950,0,1
5,1961,0,1
5,2080,0,1
5,2159,0,1
5,2186,0,1
5,2195,0,1
5,2204,0,1
5,2250,0,1
5,2282,0,1
5,2549,0,1
5,2609,0,1
5,2610,0,1
5,2637,0,1
5,2653,0,1
5,2698,0,1
5,2760,0,1
5,2802,0,1
5,2809,0,1
5,2829,0,1
5,2856,0,1
5,2870,0,1
5,2877,0,1
5,2976,0,1
5,2979,0,1
5,3004,0,1
5,3043,0,1
5,3048,0,1
5,3072,0,1
5,3081,0,1
5,3155,0,1
5,3167,0,1
5,3195,0,1
5,3215,0,1
5,3222,0,1
5,3259,0,1
5,3296,0,1
5,3402,0,1
5,3406,0,1
5,3424,0,1
5,3440,0,1
5,3468,0,1
5,3469,0,1
5,3489,0,1
6,19,0,1
6,42,0,1
6,55,0,1
6,84,0,1
6,92,0,1
6,119,0,1
6,142,0,1
6,165,0,1
6,263,0,1
6,295,0,1
6,321,0,1
6,345,0,1
6,400,0,1
6,402,0,1
6,420,0,1
6,430,0,2
6,434,0,1
6,485,0,1
6,507,0,1
6,590,0,1
6,709,0,1
6,746,0,1
6,815,0,1
6,825,0,1
6,887,0,1
6,914,0,1
6,949,0,1
6,967,0,1
6,1040,0,1
6,1041,0,1
6,1054,0,1
6,1112,0,1
6,1157,0,1
6,1232,0,1
6,1291,0,1
6,1304,0,1
6,1305,0,1
6,1329,0,1
6,1375,0,1
6,1448,0,1
6,1451,0,1
6,1463,0,1
6,1494,0,1
6,1517,0,1
6,1562,0,1
6,1606,0,1
6,1719,0,1
6,1737,0,1
6,1857,0,1
6,1861,0,1
6,2005,0,1
6,2009,0,1
6,2031,0,1
6,2098,0,1
6,2128,0,1
6,2150,0,1
6,2199,0,1
6,2244,0,1
6,2245,0,1
6,2273,0,1
6,2312,0,1
6,2342,0,1
6,2350,0,1
6,2442,0,1
6,2459,0,1
6,2474,0,1
6,2586,0,1
6,2592,0,1
6,2629,0,1
6,2636,0,1
6,2735,0,1
6,2779,0,1
6,2872,0,1
6,2873,0,1
6,2928,0,1
6,2956,0,1
6,3017,0,1
6,3032,0,1
6,3118,0,1
6,3173,0,1
6,3192,0,1
6,3201,0,1
6,3212,0,1
6,3233,0,1
6,3284,0,1
6,3353,0,1
6,3385,0,1
6,3484,0,1
7,22,0,1
7,23,0,1
7,139,0,1
7,140,0,1
7,172,0,1
7,177,0,1
7,194,0,1
7,269,0,1
7,286,0,1
7,295,0,1
7,299,0,1
7,351,0,1
7,425,0,1
7,518,0,1
7,523,0,1
7,528,0,1
7,537,0,1
7,538,0,1
7,559,0,1
7,591,0,1
7,603,0,1
7,719,0,1
7,730,0,1
7,737,0,1
7,750,0,1
7,870,0,1
7,872,0,1
7,879,0,1
7,927,0,1
7,937,0,1
7,999,0,1
7,1041,0,1
7,1112,0,1
7,1116,0,1
7,1160,0,1
7,1167,0,1
7,1195,0,1
7,1230,0,1
7,1293,0,1
7,1304,0,1
7,1327,0,1
7,1360,0,1
7,1427,0,1
7,1459,0,1
7,1496,0,1
7,1497,0,1
7,1503,0,1
7,1533,0,1
7,1560,0,1
7,1616,0,1
7,1618,0,1
7,1700,0,1
7,1718,0,1
7,1748,0,1
7,1761,0,1
7,1779,0,1
7,1864,0,1
7,1889,0,1
7,1957,0,1
7,1961,0,1
7,1976,0,1
7,2013,0,1
7,2032,0,1
7,2054,0,1
7,2108,0,1
7,2157,0,1
7,2221,0,1
7,2278,0,1
7,2347,0,1
7,2377,0,1
7,2401,0,1
7,2542,0,1
7,2605,0,1
7,2621,0,1
7,2633,0,1
7,2641,0,1
7,2660,0,1
7,2712,0,1
7,2771,0,1
7,2809,0,2
7,2810,0,1
7,2817,0,2
7,2893,0,1
7,2924,0,1
7,2965,0,1
7,2968,0,1
7,2970,0,1
7,2979,0,1
7,3009,0,1
7,3025,0,1
7,3027,0,1
7,3091,0,1
7,3099,0,1
7,3120,0,1
7,3187,0,1
7,3216,0,1
7,3222,0,1
7,3226,0,1
7,3233,0,1
7,3251,0,1
7,3270,0,1
7,3300,0,1
7,3312,0,1
7,3332,0,1
7,3344,0,1
7,3360,0,1
7,3409,0,1
8,14,0,1
8,35,0,1
8,146,0,1
8,380,0,1
8,443,0,1
8,528,0,1
8,566,0,1
8,585,0,1
8,658,0,1
8,708,0,1
8,709,0,1
8,721,0,1
8,763,0,1
8,775,0,1
8,795,0,1
8,808,0,1
8,810,0,1
8,829,0,1
8,926,0,1
8,930,0,1
8,938,0,1
8,951,0,1
8,974,0,1
8,979,0,1
8,1058,0,1
8,1064,0,1
8,1068,0,1
8,1094,0,1
8,1102,0,1
8,1113,0,1
8,1119,0,1
8,1185,0,1
8,1200,0,1
8,1201,0,1
8,1266,0,1
8,1383,0,1
8,1473,0,1
8,1578,0,1
8,1599,0,1
8,1626,0,1
8,1643,0,1
8,1649,0,1
8,1655,0,1
8,1657,0,1
8,1694,0,1
8,1712,0,1
8,1809,0,1
8,1821,0,1
8,1899,0,1
8,1901,0,1
8,1931,0,1
8,1978,0,1
8,2015,0,1
8,2036,0,1
8,2047,0,1
8,2054,0,1
8,2136,0,1
8,2139,0,1
8,2148,0,1
8,2162,0,1
8,2175,0,1
8,2189,0,1
8,2238,0,1
8,2309,0,1
8,2380,0,1
8,2440,0,1
8,2464,0,1
8,2541,0,1
8,2552,0,1
8,2593,0,1
8,2610,0,1
8,2614,0,1
8,2633,0,1
8,2669,0,1
8,2708,0,1
8,2716,0,1
8,2918,0,1
8,2954,0,1
8,3016,0,1
8,3092,0,1
8,3151,0,1
8,3185,0,1
8,3312,0,1
8,3322,0,1
8,3358,0,1
8,3359,0,1
8,3386,0,1
8,3387,0,1
8,3388,0,1
8,3412,0,1
8,3460,0,1
8,3496,0,1
9,29,0,1
9,50,0,1
9,52,0,2
9,56,0,1
9,62,0,1
9,74,0,1
9,95,0,1
9,110,0,1
9,167,0,1
9,176,0,1
9,190,0,1
9,199,0,1
9,230,0,1
9,237,0,1
9,304,0,1
9,331,0,1
9,362,0,1
9,429,0,1
9,436,0,1
9,445,0,1
9,452,0,1
9,477,0,1
9,488,0,1
9,502,0,1
9,505,0,1
9,555,0,1
9,567,0,1
9,649,0,1
9,678,0,1
9,689,0,1
9,849,0,1
9,855,0,1
9,924,0,1
9,931,0,1
9,1038,0,1
9,1051,0,1
9,1083,0,1
9,1089,0,1
9,1115,0,1
9,1193,0,1
9,1226,0,1
9,1260,0,1
9,1267,0,1
9,1273,0,1
9,1284,0,1
9,1308,0,1
9,1325,0,1
9,1331,0,1
9,1423,0,1
9,1444,0,1
9,1455,0,1
9,1457,0,1
9,1517,0,1
9,1534,0,1
9,1539,0,1
9,1678,0,1
9,1681,0,1
9,1793,0,1
9,1821,0,1
9,1865,0,1
9,1890,0,1
9,1936,0,1
9,1937,0,1
9,1998,0,1
9,2021,0,1
9,2038,0,1
9,2059,0,1
9,2091,0,1
9,2093,0,1
9,2094,0,1
9,2112,0,1
9,2113,0,1
9,2125,0,1
9,2197,0,2
9,2199,0,2
9,2209,0,1
9,2255,0,1
9,2269,0,1
9,2331,0,1
9,2340,0,1
9,2372,0,1
9,2403,0,1
9,2405,0,1
9,2545,0,1
9,2546,0,1
9,2562,0,1
9,2599,0,1
9,2613,0,1
9,2630,0,1
9,2692,0,1
9,2698,0,1
9,2706,0,1
9,2736,0,1
9,2743,0,1
9,2764,0,1
9,2787,0,1
9,2797,0,1
9,2811,0,1
9,2836,0,1
9,2867,0,1
9,2873,0,1
9,2887,0,1
9,2956,0,1
9,2972,0,1
9,2982,0,1
9,3060,0,1
9,3092,0,1
9,3098,0,1
9,3210,0,1
9,3233,0,1
9,3264,0,1
9,3283,0,1
9,3300,0,1
9,3334,0,1
9,3344,0,1
9,3395,0,1
9,3405,0,1
9,3416,0,1
9,3462,0,1
9,3482,0,1
10,53,0,1
10,56,0,1
10,101,0,1
10,105,0,1
10,138,0,1
10,146,0,1
10,211,0,1
10,263,0,1
10,314,0,1
10,321,0,1
10,362,0,1
10,452,0,1
10,488,0,1
10,533,0,1
10,570,0,1
10,594,0,1
10,607,0,1
10,614,0,1
10,625,0,1
10,658,0,1
10,744,0,1
10,754,0,1
10,758,0,1
10,785,0,1
10,846,0,1
10,887,0,1
10,890,0,1
10,905,0,1
10,942,0,1
10,960,0,1
10,962,0,1
10,982,0,1
10,997,0,1
10,1051,0,1
10,1096,0,1
10,1141,0,1
10,1201,0,1
10,1234,0,1
10,1244,0,1
10,1313,0,1
10,1356,0,1
10,1393,0,1
10,1400,0,1
10,1424,0,1
10,1469,0,1
10,1502,0,1
10,1519,0,1
10,1532,0,1
10,1551,0,1
10,1581,0,1
10,1609,0,1
10,1622,0,1
10,1771,0,1
10,1799,0,1
10,1833,0,1
10,1861,0,1
10,1867,0,1
10,1902,0,1
10,1923,0,1
10,1927,0,1
10,2005,0,1
10,2102,0,1
10,2114,0,1
10,2121,0,1
10,2122,0,1
10,2159,0,1
10,2213,0,1
10,2235,0,1
10,2244,0,1
10,2264,0,1
10,2265,0,1
10,2307,0,1
10,2308,0,1
10,2330,0,1
10,2401,0,1
10,2405,0,1
10,2435,0,1
10,2442,0,1
10,2456,0,1
10,2500,0,1
10,2535,0,1
10,2583,0,1
10,2584,0,1
10,2607,0,1
10,2616,0,1
10,2626,0,1
10,2735,0,1
10,2749,0,1
10,2785,0,1
10,2846,0,1
10,2852,0,1
10,2948,0,1
10,3112,0,1
10,3123,0,1
10,3136,0,1
10,3229,0,1
10,3243,0,1
10,3333,0,1
10,3337,0,1
10,3373,0,1
10,3395,0,1
10,3416,0,1
10,3417,0,1
10,3457,0,1
10,3461,0,1
11,50,0,1
11,80,0,1
11,90,0,1
11,138,0,1
11,184,0,1
11,216,0,1
11,266,0,1
11,286,0,1
11,289,0,1
11,336,0,1
11,355,0,1
11,384,0,1
11,416,0,1
11,439,0,1
11,466,0,1
11,498,0,1
11,535,0,1
11,540,0,1
11,570,0,1
11,651,0,1
11,703,0,1
11,840,0,1
11,853,0,1
11,877,0,1
11,921,0,1
11,922,0,1
11,953,0,1
11,1129,0,1
11,1156,0,1
11,1204,0,1
11,1227,0,1
11,1243,0,1
11,1263,0,1
11,1264,0,1
11,1265,0,1
11,1287,0,1
11,1311,0,1
11,1339,0,1
11,1376,0,1
11,1437,0,1
11,1473,0,1
11,1523,0,1
11,1568,0,1
11,1591,0,2
11,1636,0,1
11,1660,0,1
11,1667,0,1
11,1669,0,1
11,1730,0,1
11,1800,0,1
11,1803,0,1
11,1819,0,1
11,1823,0,1
11,1841,0,1
11,1855,0,2
11,1879,0,1
11,1888,0,1
11,1895,0,1
11,1906,0,1
11,1946,0,1
11,2038,0,1
11,2206,0,1
11,2225,0,1
11,2230,0,1
11,2258,0,1
11,2285,0,1
11,2294,0,1
11,2319,0,1
11,2360,0,1
11,2401,0,1
11,2447,0,1
11,2493,0,1
11,2552,0,1
11,2573,0,1
11,2632,0,2
11,2674,0,1
11,2694,0,1
11,2696,0,1
11,2739,0,1
11,2740,0,1
11,2756,0,1
11,2791,0,1
11,2817,0,1
11,2886,0,1
11,2887,0,1
11,2917,0,1
11,2938,0,1
11,2972,0,1
11,3036,0,1
11,3043,0,1
11,3065,0,1
11,3074,0,1
11,3093,0,1
11,3113,0,1
11,3144,0,1
11,3148,0,1
11,3164,0,1
11,3175,0,1
11,3192,0,1
11,3194,0,1
11,3202,0,1
11,3249,0,1
11,3273,0,1
11,3324,0,1
11,3353,0,1
11,3354,0,1
11,3362,0,1
11,3368,0,1
11,3417,0,1
12,76,0,1
12,88,0,1
12,101,0,1
12,108,0,1
12,118,0,1
12,135,0,1
12,219,0,1
12,238,0,1
12,242,0,1
12,330,0,1
12,337,0,1
12,368,0,1
12,391,0,1
12,419,0,1
12,460,0,1
12,594,0,1
12,614,0,1
12,694,0,1
12,717,0,1
12,743,0,1
12,766,0,1
12,795,0,1
12,799,0,1
12,813,0,1
12,926,0,2
12,934,0,1
12,945,0,1
12,983,0,1
12,996,0,1
12,1006,0,1
12,1078,0,2
12,1112,0,1
12,1127,0,1
12,1144,0,1
12,1208,0,1
12,1257,0,1
12,1267,0,1
12,1288,0,1
12,1329,0,1
12,1364,0,1
12,1377,0,1
12,1394,0,1
12,1397,0,1
12,1496,0,1
12,1520,0,1
12,1521,0,1
12,1574,0,1
12,1591,0,1
12,1608,0,1
12,1693,0,1
12,1792,0,1
12,1797,0,1
12,1867,0,2
12,1958,0,1
12,1964,0,1
12,1983,0,1
12,2005,0,1
12,2016,0,1
12,2040,0,1
12,2041,0,1
12,2066,0,1
12,2076,0,1
12,2104,0,1
12,2111,0,1
12,2113,0,1
12,2128,0,1
12,2218,0,1
12,2254,0,1
12,2307,0,1
12,2310,0,2
12,2362,0,1
12,2363,0,1
12,2439,0,1
12,2447,0,1
12,2563,0,1
12,2576,0,1
12,2579,0,1
12,2590,0,1
12,2682,0,1
12,2824,0,1
12,2845,0,1
12,2888,0,1
12,2889,0,1
12,2901,0,1
12,2931,0,1
12,2991,0,1
12,3014,0,1
12,3015,0,1
12,3054,0,1
12,3187,0,1
12,3196,0,1
12,3202,0,1
12,3233,0,1
12,3239,0,1
12,3249,0,1
12,3255,0,1
12,3256,0,1
12,3293,0,1
12,3300,0,1
12,3310,0,1
12,3362,0,1
12,3372,0,1
12,3433,0,1
12,3437,0,1
12,3438,0,1
13,19,0,1
13,20,0,1
13,59,0,1
13,94,0,1
13,188,0,1
13,247,0,1
13,278,0,1
13,307,0,1
13,327,0,1
13,344,0,1
13,369,0,1
13,371,0,1
13,409,0,1
13,415,0,1
13,434,0,1
13,530,0,1
13,544,0,1
13,567,0,1
13,595,0,1
13,615,0,1
13,631,0,1
13,739,0,1
13,956,0,1
13,962,0,1
13,1022,0,1
13,1027,0,1
13,1042,0,1
13,1091,0,1
13,1117,0,1
13,1140,0,1
13,1149,0,1
13,1151,0,1
13,1161,0,1
13,1172,0,1
13,1173,0,1
13,1234,0,1
13,1278,0,1
13,1288,0,1
13,1322,0,2
13,1328,0,1
13,1329,0,1
13,1339,0,1
13,1341,0,2
13,1503,0,1
13,1510,0,1
13,1529,0,1
13,1698,0,1
13,1703,0,1
13,1728,0,1
13,1745,0,1
13,1751,0,1
13,1922,0,1
13,2016,0,1
13,2017,0,1
13,2122,0,1
13,2132,0,1
13,2138,0,1
13,2188,0,1
13,2251,0,1
13,2369,0,1
13,2376,0,1
13,2423,0,1
13,2464,0,1
13,2505,0,1
13,2525,0,1
13,2534,0,1
13,2578,0,1
13,2592,0,1
13,2626,0,1
13,2641,0,1
13,2647,0,1
13,2648,0,1
13,2653,0,1
13,2667,0,1
13,2692,0,1
13,2726,0,1
13,2731,0,1
13,2733,0,1
13,2747,0,1
13,2853,0,1
13,2939,0,1
13,2961,0,1
13,2965,0,1
13,2977,0,1
13,2983,0,1
13,3028,0,1
13,3034,0,1
13,3088,0,1
13,3099,0,1
13,3130,0,1
13,3136,0,1
13,3180,0,1
13,3206,0,1
13,3216,0,1
13,3220,0,1
13,3278,0,1
13,3280,0,1
13,3291,0,1
13,3355,0,1
13,3385,0,1
13,3447,0,1
13,3477,0,1
13,3488,0,1
13,3497,0,2
14,55,0,2
14,67,0,1
14,135,0,1
14,166,0,1
14,188,0,1
14,197,0,1
14,228,0,1
14,230,0,1
14,240,0,1
14,254,0,1
14,275,0,1
14,289,0,1
14,327,0,1
14,336,0,1
14,338,0,1
14,341,0,1
14,344,0,1
14,379,0,1
14,395,0,1
14,406,0,1
14,466,0,1
14,471,0,1
14,488,0,1
14,490,0,1
14,505,0,1
14,525,0,1
14,529,0,1
14,542,0,1
14,562,0,1
14,592,0,1
14,638,0,1
14,690,0,1
14,750,0,2
14,771,0,1
14,777,0,1
14,871,0,1
14,883,0,1
14,898,0,1
14,928,0,1
14,948,0,1
14,969,0,1
14,971,0,1
14,992,0,1
14,1008,0,1
14,1076,0,1
14,1092,0,1
14,1168,0,1
14,1227,0,1
14,1267,0,1
14,1270,0,1
14,1277,0,1
14,1321,0,1
14,1324,0,1
14,1357,0,1
14,1382,0,1
14,1383,0,1
14,1386,0,1
14,1401,0,1
14,1502,0,1
14,1509,0,1
14,1528,0,1
14,1609,0,1
14,1621,0,1
14,1635,0,1
14,1643,0,1
14,1659,0,1
14,1703,0,1
14,1704,0,1
14,1718,0,1
14,1842,0,1
14,1910,0,1
14,1922,0,1
14,1924,0,1
14,1990,0,1
14,1995,0,1
14,1998,0,1
14,2073,0,1
14,2141,0,1
14,2190,0,1
14,2191,0,1
14,2213,0,1
14,2225,0,1
14,2240,0,1
14,2268,0,1
14,2272,0,1
14,2341,0,1
14,2496,0,1
14,2527,0,1
14,2530,0,1
14,2537,0,1
14,2541,0,1
14,2555,0,1
14,2565,0,2
14,2566,0,1
14,2592,0,2
14,2609,0,1
14,2614,0,1
14,2661,0,1
14,2678,0,1
14,2732,0,1
14,2734,0,1
14,2775,0,1
14,2840,0,1
14,2853,0,1
14,2887,0,2
14,2907,0,1
14,2915,0,1
14,2955,0,1
14,2973,0,1
14,3052,0,1
14,3088,0,1
14,3103,0,1
14,3132,0,1
14,3133,0,1
14,3303,0,1
14,3312,0,1
14,3328,0,1
14,3388,0,1
14,3409,0,1
14,3427,0,1
14,3438,0,1
14,3465,0,1
15,2,0,1
15,14,0,1
15,19,0,1
15,108,0,1
15,119,0,1
15,122,0,1
15,157,0,1
15,177,0,1
15,206,0,1
15,213,0,1
15,271,0,1
15,274,0,1
15,310,0,1
15,500,0,1
15,507,0,1
15,512,0,1
15,612,0,1
15,615,0,1
15,700,0,1
15,761,0,1
15,808,0,1
15,817,0,1
15,818,0,1
15,822,0,1
15,842,0,1
15,850,0,1
15,871,0,1
15,967,0,1
15,969,0,1
15,974,0,1
15,987,0,1
15,1003,0,1
15,1037,0,1
15,1042,0,1
15,1090,0,1
15,1094,0,1
15,1140,0,1
15,1168,0,1
15,1193,0,1
15,1267,0,1
15,1274,0,1
15,1281,0,1
15,1307,0,1
15,1324,0,1
15,1339,0,1
15,1417,0,1
15,1418,0,1
15,1428,0,1
15,1478,0,1
15,1497,0,1
15,1533,0,1
15,1581,0,1
15,1591,0,1
15,1596,0,1
15,1612,0,1
15,1703,0,1
15,1725,0,1
15,1738,0,1
15,1794,0,1
15,1806,0,1
15,1833,0,1
15,1854,0,1
15,1874,0,1
15,1922,0,2
15,1924,0,1
15,1931,0,1
15,1983,0,1
15,1988,0,1
15,2002,0,1
15,2008,0,1
15,2015,0,1
15,2033,0,1
15,2034,0,1
15,2070,0,1
15,2125,0,1
15,2126,0,1
15,2156,0,1
15,2166,0,1
15,2228,0,1
15,2258,0,1
15,2299,0,1
15,2345,0,1
15,2355,0,1
15,2357,0,1
15,2362,0,1
15,2376,0,1
15,2384,0,1
15,2439,0,1
15,2500,0,1
15,2510,0,1
15,2553,0,1
15,2578,0,1
15,2582,0,1
15,2585,0,1
15,2586,0,1
15,2627,0,1
15,2664,0,1
15,2717,0,1
15,2722,0,1
15,2729,0,1
15,2744,0,1
15,2775,0,1
15,2822,0,1
15,2869,0,1
15,2870,0,1
15,2877,0,1
15,2887,0,1
15,2931,0,1
15,2956,0,1
15,3030,0,1
15,3031,0,1
15,3052,0,1
15,3110,0,1
15,3154,0,1
15,3251,0,1
15,3283,0,1
15,3294,0,1
15,3307,0,1
15,3344,0,1
15,3349,0,1
15,3395,0,1
15,3410,0,1
15,3460,0,1
15,3497,0,1
16,94,0,1
16,139,0,1
16,183,0,1
16,272,0,1
16,333,0,1
16,402,0,1
16,475,0,1
16,480,0,1
16,488,0,1
16,539,0,1
16,621,0,2
16,623,0,1
16,710,0,1
16,716,0,1
16,720,0,1
16,746,0,1
16,755,0,1
16,787,0,1
16,791,0,1
16,839,0,1
16,842,0,1
16,857,0,1
16,894,0,1
16,925,0,1
16,1000,0,1
16,1122,0,2
16,1145,0,1
16,1196,0,1
16,1241,0,1
16,1267,0,1
16,1284,0,1
16,1290,0,1
16,1317,0,1
16,1341,0,1
16,1360,0,1
16,1384,0,1
16,1396,0,1
16,1458,0,1
16,1473,0,1
16,1496,0,1
16,1529,0,1
16,1608,0,1
16,1612,0,1
16,1645,0,1
16,1652,0,1
16,1700,0,1
16,1703,0,1
16,1711,0,1
16,1854,0,1
16,1879,0,1
16,1964,0,1
16,1967,0,2
16,1977,0,1
16,1981,0,1
16,1984,0,1
16,1990,0,1
16,2039,0,1
16,2088,0,1
16,2104,0,1
16,2106,0,1
16,2134,0,1
16,2139,0,1
16,2213,0,1
16,2252,0,1
16,2290,0,1
16,2298,0,1
16,2307,0,1
16,2324,0,1
16,2327,0,1
16,2384,0,1
16,2446,0,1
16,2469,0,1
16,2493,0,1
16,2568,0,1
16,2572,0,1
16,2607,0,1
16,2662,0,1
16,2695,0,1
16,2713,0,1
16,2730,0,1
16,2732,0,1
16,2787,0,1
16,2831,0,1
16,2833,0,1
16,2899,0,1
16,2903,0,1
16,2965,0,1
16,2983,0,1
16,3014,0,1
16,3147,0,1
16,3161,0,1
16,3225,0,1
16,3239,0,1
16,3276,0,1
16,3278,0,1
16,3294,0,1
16,3361,0,1
16,3369,0,1
16,3373,0,1
16,3375,0,2
16,3376,0,1
16,3497,0,1
17,44,0,1
17,84,0,1
17,124,0,2
17,146,0,1
17,156,0,1
17,186,0,1
17,197,0,1
17,213,0,1
17,214,0,1
17,318,0,1
17,334,0,1
17,338,0,1
17,361,0,1
17,395,0,1
17,399,0,1
17,423,0,1
17,500,0,1
17,521,0,1
17,566,0,1
17,574,0,1
17,597,0,1
17,626,0,1
17,678,0,1
17,683,0,1
17,747,0,1
17,764,0,1
17,795,0,1
17,796,0,1
17,843,0,1
17,855,0,1
17,872,0,1
17,887,0,1
17,931,0,1
17,945,0,1
17,1034,0,1
17,1055,0,1
17,1106,0,1
17,1116,0,1
17,1201,0,1
17,1222,0,1
17,1225,0,1
17,1230,0,1
17,1297,0,1
17,1298,0,1
17,1356,0,1
17,1359,0,1
17,1453,0,1
17,1470,0,1
17,1489,0,1
17,1491,0,1
17,1516,0,1
17,1555,0,1
17,1565,0,1
17,1643,0,1
17,1664,0,1
17,1707,0,1
17,1715,0,1
17,1762,0,1
17,1778,0,1
17,1890,0,1
17,1895,0,1
17,1922,0,1
17,1924,0,1
17,1946,0,1
17,1953,0,1
17,1963,0,1
17,1974,0,1
17,2043,0,1
17,2071,0,1
17,2091,0,1
17,2097,0,1
17,2109,0,1
17,2131,0,1
17,2138,0,1
17,2150,0,1
17,2169,0,1
17,2196,0,1
17,2200,0,1
17,2225,0,1
17,2235,0,1
17,2252,0,1
17,2269,0,1
17,2270,0,1
17,2293,0,1
17,2324,0,1
17,2342,0,1
17,2344,0,1
17,2361,0,1
17,2367,0,1
17,2368,0,1
17,2388,0,1
17,2466,0,1
17,2491,0,1
17,2498,0,1
17,2499,0,1
17,2511,0,1
17,2539,0,1
17,2542,0,1
17,2553,0,1
17,2598,0,2
17,2632,0,1
17,2668,0,1
17,2691,0,1
17,2720,0,1
17,2735,0,1
17,2743,0,1
17,2763,0,1
17,2787,0,1
17,2890,0,1
17,2946,0,1
17,2996,0,1
17,3033,0,1
17,3065,0,1
17,3115,0,1
17,3168,0,1
17,3233,0,1
17,3273,0,1
17,3345,0,1
17,3352,0,1
17,3423,0,1
17,3482,0,1
18,19,0,2
18,47,0,1
18,52,0,1
18,67,0,1
18,87,0,1
18,101,0,1
18,115,0,1
18,121,0,1
18,136,0,1
18,149,0,1
18,156,0,1
18,265,0,1
18,274,0,1
18,283,0,1
18,299,0,1
18,309,0,1
18,310,0,1
18,334,0,1
18,464,0,1
18,473,0,1
18,485,0,1
18,491,0,1
18,518,0,1
18,562,0,1
18,600,0,1
18,802,0,1
18,976,0,1
18,1047,0,1
18,1085,0,1
18,1126,0,1
18,1149,0,1
18,1151,0,1
18,1184,0,1
18,1229,0,1
18,1236,0,1
18,1248,0,1
18,1295,0,1
18,1334,0,1
18,1401,0,1
18,1434,0,1
18,1453,0,1
18,1479,0,1
18,1536,0,1
18,1610,0,1
18,1645,0,1
18,1659,0,1
18,1698,0,1
18,1721,0,1
18,1809,0,1
18,1942,0,1
18,1967,0,1
18,1971,0,1
18,1980,0,1
18,2008,0,1
18,2060,0,1
18,2067,0,1
18,2225,0,1
18,2247,0,1
18,2271,0,1
18,2272,0,1
18,2305,0,1
18,2313,0,1
18,2314,0,1
18,2389,0,1
18,2442,0,1
18,2490,0,1
18,2622,0,1
18,2627,0,1
18,2634,0,1
18,2636,0,1
18,2681,0,1
18,2730,0,1
18,2777,0,1
18,2805,0,1
18,2813,0,1
18,2835,0,1
18,2837,0,1
18,2852,0,1
18,2888,0,1
18,2963,0,1
18,2986,0,1
18,3025,0,1
18,3106,0,1
18,3107,0,1
18,3158,0,1
18,3170,0,1
18,3189,0,1
18,3251,0,1
18,3277,0,1
18,3290,0,1
18,3351,0,1
18,3388,0,1
18,3392,0,1
18,3448,0,1
18,3496,0,1
19,1,0,1
19,11,0,1
19,125,0,1
19,142,0,1
19,157,0,1
19,169,0,1
19,211,0,1
19,247,0,1
19,249,0,1
19,302,0,1
19,321,0,1
19,347,0,1
19,407,0,1
19,418,0,1
19,436,0,1
19,445,0,1
19,484,0,1
19,486,0,1
19,497,0,1
19,591,0,1
19,598,0,1
19,668,0,1
19,743,0,1
19,744,0,1
19,846,0,2
19,855,0,1
19,864,0,1
19,879,0,1
19,925,0,1
19,938,0,1
19,949,0,1
19,959,0,1
19,986,0,1
19,987,0,1
19,990,0,1
19,1041,0,1
19,1067,0,1
19,1078,0,1
19,1138,0,1
19,1150,0,1
19,1193,0,1
19,1218,0,1
19,1241,0,1
19,1273,0,1
19,1329,0,1
19,1369,0,1
19,1404,0,1
19,1441,0,1
19,1446,0,1
19,1456,0,1
19,1473,0,1
19,1526,0,1
19,1529,0,1
19,1531,0,1
19,1572,0,1
19,1592,0,1
19,1717,0,1
19,1786,0,2
19,1878,0,1
19,1897,0,1
19,1903,0,1
19,2033,0,1
19,2129,0,1
19,2157,0,1
19,2193,0,1
19,2220,0,1
19,2240,0,1
19,2258,0,1
19,2334,0,1
19,2349,0,2
19,2572,0,1
19,2575,0,1
19,2579,0,1
19,2590,0,1
19,2594,0,1
19,2617,0,1
19,2634,0,1
19,2708,0,1
19,2746,0,1
19,2826,0,1
19,2876,0,1
19,2878,0,1
19,2884,0,1
19,2896,0,1
19,2950,0,1
19,2973,0,1
19,3001,0,1
19,3036,0,1
19,3037,0,1
19,3041,0,1
19,3048,0,1
19,3060,0,1
19,3072,0,1
19,3075,0,1
19,3169,0,1
19,3232,0,1
19,3274,0,1
19,3351,0,1
19,3396,0,1
19,3426,0,1
20,36,0,1
20,64,0,1
20,139,0,1
20,142,0,1
20,183,0,1
20,203,0,1
20,231,0,1
20,278,0,1
20,279,0,1
20,300,0,1
20,348,0,1
20,440,0,1
20,471,0,1
20,474,0,1
20,569,0,1
20,597,0,1
20,605,0,1
20,653,0,1
20,770,0,1
20,809,0,1
20,815,0,1
20,822,0,1
20,855,0,1
20,860,0,1
20,861,0,1
20,877,0,1
20,889,0,1
20,900,0,1
20,937,0,1
20,946,0,1
20,949,0,1
20,962,0,1
20,972,0,1
20,980,0,1
20,994,0,1
20,995,0,1
20,1008,0,1
20,1048,0,1
20,1136,0,1
20,1137,0,1
20,1154,0,1
20,1170,0,1
20,1177,0,1
20,1178,0,1
20,1230,0,1
20,1247,0,1
20,1290,0,1
20,1320,0,1
20,1393,0,1
20,1431,0,1
20,1543,0,1
20,1553,0,1
20,1557,0,1
20,1599,0,1
20,1626,0,1
20,1637,0,1
20,1642,0,1
20,1669,0,1
20,1685,0,1
20,1717,0,1
20,1762,0,1
20,1778,0,1
20,1826,0,1
20,1939,0,1
20,1951,0,1
20,1957,0,1
20,2008,0,1
20,2038,0,1
20,2102,0,1
20,2104,0,1
20,2128,0,1
20,2193,0,1
20,2279,0,1
20,2283,0,1
20,2331,0,1
20,2498,0,1
20,2514,0,1
20,2518,0,1
20,2527,0,1
20,2568,0,1
20,2580,0,1
20,2607,0,1
20,2685,0,1
20,2736,0,1
20,2737,0,1
20,2818,0,1
20,2826,0,1
20,2831,0,1
20,2862,0,1
20,2925,0,1
20,2932,0,1
20,3011,0,1
20,3014,0,1
20,3015,0,1
20,3038,0,1
20,3044,0,1
20,3047,0,1
20,3139,0,1
20,3147,0,1
20,3160,0,1
20,3230,0,1
20,3282,0,1
20,3307,0,1
20,3349,0,1
20,3359,0,1
20,3391,0,1
20,3444,0,1
21,8,0,1
21,108,0,1
21,125,0,1
21,150,0,1
21,189,0,1
21,242,0,1
21,263,0,1
21,270,0,1
21,290,0,1
21,320,0,1
21,375,0,1
21,445,0,1
21,542,0,1
21,567,0,1
21,601,0,1
21,602,0,1
21,631,0,1
21,638,0,1
21,651,0,1
21,716,0,1
21,770,0,1
21,803,0,1
21,819,0,1
21,853,0,1
21,890,0,1
21,908,0,2
21,932,0,1
21,969,0,1
21,1034,0,2
21,1063,0,1
21,1122,0,1
21,1179,0,1
21,1260,0,1
21,1295,0,1
21,1386,0,1
21,1403,0,1
21,1405,0,1
21,1460,0,1
21,1475,0,1
21,1526,0,1
21,1544,0,1
21,1558,0,1
21,1559,0,1
21,1575,0,1
21,1633,0,1
21,1693,0,1
21,1731,0,1
21,1744,0,1
21,1780,0,1
21,1817,0,1
21,1864,0,1
21,1896,0,1
21,1923,0,1
21,1976,0,1
21,1977,0,1
21,1994,0,1
21,2086,0,1
21,2109,0,1
21,2188,0,1
21,2203,0,1
21,2278,0,1
21,2324,0,1
21,2327,0,1
21,2489,0,1
21,2505,0,1
21,2508,0,1
21,2527,0,1
21,2592,0,1
21,2694,0,1
21,2739,0,1
21,2763,0,1
21,2788,0,1
21,2821,0,1
21,2879,0,1
21,2890,0,1
21,2907,0,1
21,2955,0,1
21,3074,0,1
21,3123,0,1
21,3140,0,1
21,3150,0,1
21,3171,0,1
21,3205,0,1
21,3216,0,1
21,3298,0,1
21,3325,0,1
21,3366,0,1
21,3389,0,1
21,3419,0,1
21,3481,0,1
22,67,0,1
22,87,0,1
22,88,0,2
22,199,0,1
22,276,0,1
22,316,0,1
22,392,0,1
22,447,0,1
22,501,0,1
22,545,0,1
22,563,0,1
22,567,0,1
22,610,0,1
22,621,0,1
22,634,0,1
22,699,0,1
22,734,0,1
22,803,0,1
22,808,0,1
22,812,0,1
22,893,0,1
22,921,0,1
22,979,0,1
22,983,0,1
22,1020,0,1
22,1044,0,1
22,1061,0,1
22,1088,0,1
22,1126,0,1
22,1145,0,1
22,1167,0,1
22,1219,0,1
22,1304,0,1
22,1350,0,1
22,1387,0,1
22,1389,0,1
22,1435,0,1
22,1453,0,1
22,1467,0,1
22,1470,0,1
22,1479,0,1
22,1485,0,1
22,1490,0,1
22,1497,0,1
22,1498,0,1
22,1501,0,1
22,1558,0,1
22,1599,0,1
22,1653,0,1
22,1693,0,1
22,1778,0,1
22,1814,0,1
22,1816,0,1
22,1854,0,2
22,1892,0,1
22,1906,0,1
22,1974,0,1
22,2024,0,1
22,2035,0,1
22,2037,0,1
22,2126,0,1
22,2161,0,1
22,2163,0,1
22,2176,0,1
22,2186,0,1
22,2252,0,1
22,2300,0,1
22,2330,0,1
22,2362,0,1
22,2365,0,1
22,2439,0,1
22,2478,0,1
22,2578,0,1
22,2622,0,1
22,2672,0,1
22,2712,0,1
22,2722,0,1
22,2736,0,1
22,2770,0,1
22,2825,0,1
22,2842,0,1
22,2925,0,1
22,2928,0,1
22,2931,0,1
22,3048,0,1
22,3084,0,1
22,3137,0,1
22,3182,0,2
22,3213,0,1
22,3256,0,1
22,3352,0,1
22,3362,0,1
22,3420,0,1
22,3488,0,1
23,11,0,1
23,142,0,1
23,161,0,1
23,219,0,1
23,279,0,1
23,317,0,1
23,343,0,1
23,439,0,1
23,484,0,1
23,502,0,1
23,511,0,1
23,567,0,1
23,569,0,1
23,583,0,1
23,599,0,1
23,634,0,1
23,653,0,1
23,735,0,1
23,762,0,1
23,846,0,1
23,850,0,1
23,912,0,1
23,981,0,1
23,1007,0,1
23,1028,0,1
23,1036,0,1
23,1049,0,1
23,1105,0,1
23,1138,0,1
23,1147,0,1
23,1172,0,1
23,1188,0,1
23,1209,0,1
23,1215,0,1
23,1266,0,1
23,1304,0,1
23,1322,0,1
23,1323,0,1
23,1327,0,1
23,1343,0,1
23,1389,0,1
23,1404,0,1
23,1411,0,1
23,1460,0,1
23,1474,0,1
23,1492,0,1
23,1506,0,1
23,1516,0,1
23,1519,0,1
23,1532,0,1
23,1605,0,1
23,1637,0,1
23,1650,0,1
23,1688,0,1
23,1692,0,1
23,1814,0,1
23,1828,0,1
23,1837,0,1
23,1845,0,1
23,2002,0,1
23,2004,0,1
23,2053,0,1
23,2070,0,1
23,2098,0,1
23,2100,0,1
23,2220,0,1
23,2232,0,1
23,2266,0,1
23,2273,0,1
23,2285,0,1
23,2300,0,1
23,2312,0,1
23,2387,0,1
23,2404,0,2
23,2407,0,1
23,2426,0,1
23,2428,0,1
23,2443,0,1
23,2487,0,1
23,2508,0,1
23,2672,0,1
23,2831,0,1
23,2835,0,1
23,2903,0,1
23,2977,0,1
23,3038,0,1
23,3051,0,1
23,3054,0,1
23,3082,0,1
23,3085,0,1
23,3126,0,1
23,3151,0,1
23,3155,0,1
23,3177,0,1
23,3189,0,1
23,3233,0,1
23,3239,0,1
23,3273,0,1
23,3277,0,1
23,3335,0,1
23,3349,0,1
23,3388,0,1
23,3389,0,1
23,3395,0,1
23,3407,0,1
24,29,0,1
24,35,0,1
24,49,0,1
24,77,0,1
24,146,0,1
24,179,0,1
24,214,0,1
24,249,0,1
24,251,0,1
24,293,0,1
24,329,0,1
24,338,0,1
24,400,0,1
24,401,0,1
24,446,0,1
24,450,0,1
24,522,0,1
24,526,0,1
24,542,0,1
24,543,0,1
24,584,0,1
24,617,0,1
24,692,0,1
24,706,0,1
24,815,0,1
24,863,0,1
24,870,0,1
24,875,0,1
24,877,0,1
24,941,0,1
24,953,0,1
24,980,0,1
24,1036,0,1
24,1040,0,1
24,1072,0,1
24,1149,0,1
24,1257,0,1
24,1263,0,1
24,1356,0,1
24,1357,0,1
24,1383,0,1
24,1393,0,1
24,1489,0,1
24,1539,0,1
24,1547,0,1
24,1587,0,1
24,1659,0,1
24,1691,0,1
24,1741,0,1
24,1834,0,1
24,1906,0,1
24,1910,0,1
24,1978,0,1
24,1998,0,1
24,2008,0,1
24,2026,0,1
24,2195,0,1
24,2350,0,1
24,2351,0,1
24,2466,0,1
24,2484,0,1
24,2487,0,1
24,2496,0,1
24,2500,0,1
24,2517,0,1
24,2566,0,1
24,2669,0,1
24,2848,0,1
24,2895,0,1
24,2945,0,1
24,3021,0,1
24,3065,0,1
24,3074,0,1
24,3116,0,1
24,3143,0,1
24,3144,0,1
24,3171,0,1
24,3205,0,1
24,3228,0,1
24,3233,0,1
24,3257,0,1
24,3335,0,1
24,3348,0,1
24,3352,0,1
24,3375,0,1
25,91,0,1
25,215,0,1
25,274,0,1
25,276,0,1
25,311,0,1
25,329,0,1
25,348,0,1
25,349,0,1
25,350,0,1
25,373,0,1
25,388,0,1
25,478,0,1
25,578,0,1
25,592,0,1
25,626,0,1
25,639,0,1
25,672,0,1
25,689,0,1
25,692,0,1
25,712,0,1
25,734,0,1
25,782,0,1
25,783,0,1
25,848,0,1
25,860,0,1
25,900,0,1
25,999,0,1
25,1022,0,1
25,1038,0,1
25,1062,0,1
25,1099,0,1
25,1116,0,1
25,1145,0,1
25,1198,0,1
25,1205,0,1
25,1212,0,1
25,1253,0,1
25,1263,0,1
25,1268,0,1
25,1283,0,1
25,1308,0,1
25,1356,0,1
25,1379,0,1
25,1380,0,1
25,1393,0,1
25,1411,0,1
25,1412,0,1
25,1451,0,1
25,1465,0,1
25,1478,0,1
25,1487,0,1
25,1503,0,1
25,1543,0,1
25,1581,0,1
25,1641,0,1
25,1653,0,1
25,1711,0,1
25,1732,0,1
25,1744,0,1
25,1852,0,1
25,1857,0,1
25,1858,0,1
25,1867,0,1
25,1920,0,1
25,1927,0,1
25,1953,0,1
25,2001,0,1
25,2004,0,1
25,2028,0,1
25,2036,0,1
25,2047,0,1
25,2053,0,1
25,2064,0,1
25,2190,0,1
25,2259,0,1
25,2262,0,1
25,2278,0,2
25,2294,0,1
25,2302,0,1
25,2354,0,1
25,2399,0,1
25,2404,0,1
25,2544,0,1
25,2556,0,1
25,2619,0,1
25,2625,0,1
25,2643,0,1
25,2664,0,1
25,2676,0,1
25,2824,0,1
25,2839,0,1
25,2858,0,1
25,2931,0,1
25,2932,0,1
25,2959,0,1
25,2975,0,1
25,3009,0,1
25,3118,0,1
25,3212,0,2
25,3223,0,1
25,3267,0,1
25,3268,0,1
25,3385,0,1
25,3400,0,1
25,3464,0,1
25,3471,0,1
25,3484,0,1
25,3495,0,1
26,11,0,1
26,12,0,1
26,50,0,1
26,122,0,1
26,147,0,1
26,215,0,1
26,217,0,1
26,251,0,1
26,296,0,1
26,407,0,1
26,430,0,1
26,450,0,1
26,500,0,1
26,522,0,1
26,770,0,1
26,771,0,1
26,778,0,1
26,784,0,1
26,792,0,1
26,812,0,1
26,871,0,1
26,953,0,1
26,959,0,1
26,1099,0,1
26,1101,0,1
26,1122,0,1
26,1164,0,1
26,1193,0,1
26,1244,0,1
26,1263,0,1
26,1266,0,1
26,1268,0,1
26,1284,0,1
26,1332,0,1
26,1483,0,1
26,1554,0,1
26,1561,0,1
26,1588,0,1
26,1594,0,1
26,1656,0,1
26,1730,0,1
26,1738,0,1
26,1793,0,1
26,1794,0,1
26,1821,0,1
26,1831,0,2
26,1833,0,1
26,1856,0,1
26,1984,0,1
26,2008,0,1
26,2015,0,1
26,2052,0,1
26,2112,0,1
26,2166,0,1
26,2232,0,1
26,2259,0,1
26,2296,0,1
26,2381,0,1
26,2388,0,1
26,2439,0,1
26,2469,0,1
26,2532,0,1
26,2551,0,1
26,2587,0,1
26,2588,0,1
26,2607,0,1
26,2619,0,1
26,2654,0,1
26,2699,0,1
26,2774,0,1
26,2870,0,1
26,2890,0,1
26,2961,0,1
26,2979,0,1
26,3033,0,1
26,3036,0,1
26,3103,0,1
26,3196,0,1
26,3225,0,1
26,3282,0,1
26,3311,0,1
26,3353,0,1
26,3358,0,1
26,3387,0,1
26,3403,0,1
27,44,0,1
27,64,0,1
27,114,0,1
27,133,0,1
27,165,0,1
27,180,0,1
27,211,0,1
27,233,0,1
27,259,0,1
27,266,0,1
27,269,0,1
27,271,0,1
27,303,0,1
27,309,0,1
27,311,0,1
27,336,0,1
27,351,0,1
27,378,0,1
27,384,0,1
27,403,0,1
27,430,0,1
27,459,0,1
27,487,0,1
27,489,0,1
27,530,0,1
27,533,0,1
27,578,0,1
27,610,0,1
27,639,0,1
27,644,0,1
27,679,0,1
27,727,0,1
27,739,0,1
27,869,0,1
27,876,0,1
27,896,0,1
27,898,0,1
27,925,0,1
27,941,0,1
27,945,0,1
27,967,0,1
27,1020,0,1
27,1058,0,1
27,1144,0,1
27,1154,0,1
27,1227,0,1
27,1254,0,1
27,1263,0,1
27,1298,0,1
27,1301,0,1
27,1405,0,1
27,1407,0,1
27,1419,0,1
27,1539,0,1
27,1655,0,1
27,1664,0,1
27,1731,0,1
27,1785,0,1
27,1805,0,1
27,1848,0,1
27,1860,0,1
27,1915,0,1
27,1933,0,1
27,2024,0,1
27,2039,0,1
27,2040,0,1
27,2052,0,1
27,2060,0,1
27,2066,0,1
27,2105,0,1
27,2128,0,1
27,2141,0,1
27,2211,0,1
27,2257,0,1
27,2268,0,1
27,2286,0,1
27,2381,0,1
27,2387,0,1
27,2532,0,1
27,2539,0,1
27,2589,0,1
27,2676,0,1
27,2699,0,1
27,2706,0,1
27,2726,0,1
27,2804,0,1
27,2815,0,1
27,2826,0,1
27,2895,0,1
27,2983,0,1
27,3030,0,1
27,3070,0,1
27,3098,0,1
27,3116,0,1
27,3136,0,1
27,3138,0,1
27,3180,0,1
27,3210,0,1
27,3216,0,1
27,3242,0,1
27,3249,0,1
27,3271,0,1
27,3315,0,1
27,3335,0,1
27,3348,0,1
27,3351,0,1
27,3356,0,1
27,3358,0,1
27,3473,0,1
27,3488,0,1
27,3489,0,1
27,3498,0,1
28,11,0,1
28,55,0,1
28,59,0,1
28,63,0,1
28,77,0,1
28,111,0,1
28,149,0,1
28,199,0,1
28,244,0,1
28,278,0,1
28,338,0,1
28,351,0,1
28,399,0,1
28,408,0,1
28,409,0,1
28,416,0,1
28,426,0,1
28,497,0,1
28,498,0,1
28,512,0,1
28,530,0,1
28,566,0,1
28,600,0,1
28,657,0,1
28,706,0,1
28,733,0,1
28,743,0,1
28,799,0,1
28,801,0,2
28,809,0,1
28,812,0,1
28,911,0,1
28,931,0,1
28,932,0,1
28,952,0,1
28,962,0,1
28,999,0,1
28,1001,0,1
28,1047,0,1
28,1049,0,1
28,1079,0,1
28,1108,0,1
28,1137,0,1
28,1188,0,1
28,1200,0,1
28,1223,0,1
28,1273,0,1
28,1301,0,1
28,1410,0,1
28,1412,0,1
28,1527,0,1
28,1536,0,1
28,1557,0,1
28,1569,0,1
28,1570,0,1
28,1596,0,1
28,1606,0,1
28,1657,0,1
28,1663,0,1
28,1670,0,1
28,1728,0,1
28,1751,0,1
28,1771,0,1
28,1778,0,1
28,1812,0,1
28,1816,0,1
28,1834,0,1
28,1860,0,1
28,1917,0,1
28,1920,0,1
28,1922,0,1
28,1942,0,1
28,1980,0,1
28,1983,0,1
28,2036,0,1
28,2047,0,1
28,2049,0,1
28,2060,0,1
28,2119,0,1
28,2207,0,1
28,2245,0,1
28,2285,0,1
28,2290,0,1
28,2293,0,1
28,2313,0,1
28,2347,0,1
28,2418,0,1
28,2436,0,1
28,2481,0,1
28,2518,0,1
28,2541,0,1
28,2563,0,2
28,2565,0,1
28,2568,0,1
28,2599,0,1
28,2653,0,1
28,2726,0,1
28,2771,0,2
28,2831,0,1
28,2911,0,2
28,2949,0,1
28,2968,0,1
28,2973,0,1
28,3061,0,1
28,3074,0,1
28,3076,0,1
28,3096,0,1
28,3199,0,1
28,3212,0,1
28,3225,0,1
28,3262,0,1
28,3319,0,1
28,3337,0,1
28,3372,0,1
28,3393,0,1
28,3402,0,1
28,3413,0,1
28,3424,0,1
28,3440,0,1
28,3444,0,1
29,36,0,1
29,39,0,1
29,71,0,1
29,80,0,1
29,110,0,1
29,124,0,1
29,286,0,1
29,337,0,1
29,352,0,1
29,378,0,1
29,385,0,1
29,407,0,1
29,411,0,1
29,425,0,1
29,521,0,1
29,553,0,1
29,635,0,1
29,757,0,1
29,821,0,1
29,867,0,1
29,883,0,1
29,903,0,1
29,981,0,1
29,990,0,1
29,1028,0,1
29,1048,0,1
29,1195,0,2
29,1222,0,1
29,1236,0,1
29,1250,0,1
29,1300,0,1
29,1314,0,1
29,1328,0,1
29,1403,0,1
29,1425,0,1
29,1453,0,1
29,1456,0,1
29,1472,0,1
29,1502,0,1
29,1532,0,1
29,1541,0,1
29,1610,0,1
29,1615,0,1
29,1669,0,1
29,1700,0,1
29,1707,0,1
29,1739,0,1
29,1742,0,1
29,1761,0,1
29,1783,0,1
29,1787,0,1
29,1817,0,1
29,1875,0,1
29,1910,0,1
29,1920,0,1
29,1984,0,1
29,1987,0,1
29,2029,0,1
29,2030,0,1
29,2038,0,1
29,2081,0,1
29,2093,0,1
29,2138,0,1
29,2272,0,1
29,2345,0,1
29,2355,0,1
29,2365,0,1
29,2371,0,1
29,2401,0,1
29,2467,0,1
29,2491,0,1
29,2496,0,1
29,2527,0,1
29,2551,0,1
29,2558,0,1
29,2567,0,1
29,2594,0,1
29,2605,0,1
29,2607,0,1
29,2623,0,1
29,2655,0,1
29,2696,0,1
29,2747,0,1
29,2753,0,1
29,2758,0,1
29,2785,0,1
29,2904,0,1
29,2911,0,1
29,2917,0,1
29,2918,0,1
29,2921,0,1
29,2986,0,1
29,3034,0,1
29,3065,0,2
29,3066,0,1
29,3098,0,1
29,3116,0,1
29,3174,0,1
29,3182,0,1
29,3223,0,1
29,3259,0,1
29,3333,0,1
29,3352,0,1
29,3365,0,1
29,3372,0,1
29,3406,0,1
29,3433,0,1
29,3448,0,1
29,3488,0,1
30,53,0,1
30,66,0,1
30,106,0,1
30,354,0,1
30,369,0,1
30,372,0,1
30,386,0,1
30,407,0,1
30,478,0,1
30,482,0,1
30,512,0,1
30,584,0,1
30,615,0,1
30,628,0,1
30,723,0,1
30,764,0,1
30,780,0,2
30,845,0,1
30,866,0,1
30,869,0,1
30,875,0,1
30,898,0,1
30,904,0,1
30,948,0,1
30,960,0,1
30,987,0,2
30,1037,0,1
30,1052,0,1
30,1054,0,1
30,1178,0,1
30,1200,0,1
30,1211,0,1
30,1241,0,1
30,1277,0,1
30,1278,0,1
30,1280,0,1
30,1342,0,1
30,1345,0,1
30,1400,0,2
30,1419,0,1
30,1424,0,1
30,1448,0,1
30,1466,0,1
30,1574,0,1
30,1608,0,1
30,1746,0,1
30,1759,0,1
30,1775,0,1
30,1780,0,1
30,1860,0,1
30,1874,0,1
30,1910,0,1
30,1916,0,1
30,1946,0,1
30,1958,0,1
30,1964,0,1
30,2075,0,1
30,2108,0,1
30,2132,0,1
30,2142,0,1
30,2173,0,1
30,2192,0,2
30,2202,0,1
30,2223,0,1
30,2257,0,1
30,2392,0,1
30,2409,0,1
30,2428,0,1
30,2505,0,1
30,2546,0,1
30,2572,0,1
30,2598,0,1
30,2614,0,1
30,2669,0,1
30,2689,0,1
30,2692,0,1
30,2715,0,1
30,2736,0,1
30,2751,0,1
30,2777,0,1
30,2779,0,1
30,2844,0,1
30,2876,0,1
30,2908,0,2
30,2913,0,1
30,2917,0,1
30,2958,0,1
30,2959,0,1
30,2979,0,1
30,3027,0,1
30,3029,0,1
30,3043,0,1
30,3092,0,1
30,3157,0,1
30,3158,0,1
30,3187,0,1
30,3257,0,1
30,3264,0,1
30,3265,0,1
30,3284,0,1
30,3297,0,1
30,3298,0,1
30,3318,0,1
30,3324,0,1
30,3362,0,1
30,3392,0,1
30,3417,0,1
30,3477,0,1
31,16,0,2
31,46,0,1
31,87,0,1
31,112,0,1
31,166,0,1
31,258,0,1
31,350,0,1
31,398,0,1
31,405,0,1
31,415,0,1
31,454,0,1
31,477,0,1
31,509,0,1
31,530,0,1
31,533,0,1
31,566,0,1
31,576,0,2
31,583,0,1
31,624,0,1
31,627,0,1
31,638,0,1
31,720,0,1
31,721,0,1
31,792,0,1
31,796,0,1
31,802,0,1
31,877,0,1
31,897,0,1
31,921,0,1
31,927,0,1
31,965,0,1
31,1113,0,1
31,1172,0,1
31,1201,0,1
31,1206,0,1
31,1229,0,1
31,1246,0,1
31,1273,0,1
31,1309,0,1
31,1318,0,1
31,1349,0,1
31,1375,0,1
31,1410,0,1
31,1467,0,1
31,1618,0,1
31,1759,0,1
31,1771,0,1
31,1776,0,1
31,1800,0,1
31,1816,0,1
31,1826,0,1
31,1830,0,1
31,1855,0,1
31,1857,0,1
31,1913,0,1
31,1997,0,1
31,2013,0,1
31,2059,0,1
31,2061,0,1
31,2073,0,1
31,2097,0,1
31,2105,0,1
31,2122,0,1
31,2192,0,1
31,2196,0,1
31,2214,0,1
31,2216,0,1
31,2241,0,1
31,2309,0,1
31,2323,0,1
31,2361,0,1
31,2369,0,1
31,2404,0,1
31,2411,0,1
31,2426,0,1
31,2440,0,1
31,2513,0,1
31,2518,0,1
31,2519,0,2
31,2527,0,1
31,2560,0,1
31,2575,0,1
31,2593,0,1
31,2695,0,1
31,2702,0,1
31,2754,0,1
31,2818,0,1
31,2822,0,1
31,2840,0,1
31,2991,0,1
31,3123,0,1
31,3187,0,1
31,3189,0,1
31,3205,0,1
31,3251,0,1
31,3282,0,1
31,3321,0,1
31,3398,0,1
31,3473,0,1
31,3482,0,1
32,85,0,1
32,95,0,1
32,189,0,1
32,199,0,1
32,211,0,1
32,281,0,1
32,318,0,1
32,376,0,1
32,384,0,2
32,416,0,1
32,433,0,1
32,436,0,1
32,449,0,1
32,498,0,1
32,516,0,1
32,550,0,1
32,553,0,1
32,574,0,1
32,626,0,1
32,644,0,1
32,693,0,1
32,713,0,1
32,714,0,1
32,716,0,1
32,734,0,1
32,773,0,1
32,798,0,1
32,816,0,1
32,925,0,1
32,959,0,1
32,963,0,1
32,1011,0,1
32,1017,0,1
32,1075,0,1
32,1117,0,1
32,1182,0,1
32,1193,0,1
32,1227,0,1
32,1253,0,1
32,1266,0,1
32,1295,0,1
32,1329,0,1
32,1405,0,1
32,1424,0,1
32,1459,0,1
32,1460,0,1
32,1473,0,1
32,1474,0,1
32,1505,0,1
32,1506,0,1
32,1565,0,1
32,1566,0,1
32,1582,0,1
32,1599,0,1
32,1677,0,1
32,1683,0,1
32,1761,0,1
32,1823,0,1
32,1824,0,1
32,1847,0,1
32,1851,0,1
32,1911,0,1
32,1916,0,1
32,1938,0,1
32,1951,0,1
32,2008,0,1
32,2020,0,1
32,2173,0,1
32,2197,0,1
32,2220,0,1
32,2225,0,1
32,2265,0,1
32,2271,0,1
32,2280,0,1
32,2314,0,1
32,2333,0,1
32,2377,0,1
32,2381,0,1
32,2395,0,1
32,2494,0,1
32,2542,0,1
32,2551,0,1
32,2558,0,1
32,2565,0,1
32,2585,0,1
32,2609,0,1
32,2632,0,1
32,2713,0,1
32,2720,0,1
32,2724,0,1
32,2771,0,1
32,2858,0,1
32,2880,0,1
32,2886,0,1
32,2943,0,1
32,3043,0,1
32,3075,0,1
32,3091,0,1
32,3127,0,1
32,3134,0,1
32,3171,0,1
32,3251,0,1
32,3325,0,1
32,3356,0,1
32,3478,0,1
33,32,0,1
33,47,0,1
33,66,0,1
33,84,0,1
33,90,0,1
33,110,0,1
33,139,0,1
33,145,0,1
33,169,0,1
33,217,0,1
33,249,0,1
33,269,0,1
33,281,0,1
33,354,0,1
33,426,0,1
33,436,0,1
33,450,0,1
33,523,0,1
33,577,0,1
33,583,0,1
33,599,0,1
33,615,0,1
33,666,0,1
33,676,0,1
33,724,0,1
33,744,0,1
33,758,0,1
33,777,0,1
33,801,0,1
33,813,0,1
33,993,0,1
33,1017,0,1
33,1018,0,1
33,1037,0,1
33,1102,0,1
33,1113,0,1
33,1202,0,1
33,1233,0,1
33,1298,0,1
33,1365,0,1
33,1391,0,1
33,1472,0,1
33,1473,0,1
33,1482,0,1
33,1507,0,1
33,1514,0,1
33,1541,0,1
33,1605,0,1
33,1611,0,1
33,1614,0,1
33,1632,0,1
33,1646,0,1
33,1734,0,1
33,1769,0,1
33,1800,0,1
33,1835,0,1
33,1841,0,1
33,1849,0,1
33,1855,0,1
33,1912,0,1
33,1936,0,1
33,1957,0,1
33,2071,0,1
33,2077,0,1
33,2093,0,1
33,2122,0,1
33,2130,0,1
33,2182,0,1
33,2207,0,1
33,2252,0,1
33,2298,0,1
33,2299,0,2
33,2341,0,1
33,2347,0,1
33,2353,0,1
33,2355,0,1
33,2375,0,1
33,2411,0,1
33,2414,0,1
33,2429,0,1
33,2435,0,1
33,2451,0,1
33,2474,0,1
33,2475,0,1
33,2483,0,1
33,2489,0,1
33,2503,0,1
33,2510,0,1
33,2567,0,1
33,2603,0,1
33,2610,0,1
33,2611,0,1
33,2634,0,1
33,2672,0,1
33,2742,0,1
33,2775,0,1
33,2777,0,1
33,2825,0,1
33,2838,0,1
33,2886,0,1
33,2895,0,1
33,2897,0,1
33,2907,0,1
33,2917,0,1
33,2920,0,1
33,2929,0,1
33,2938,0,1
33,2956,0,1
33,3021,0,1
33,3067,0,1
33,3103,0,1
33,3109,0,1
33,3157,0,1
33,3219,0,1
33,3259,0,1
33,3300,0,1
33,3337,0,1
33,3358,0,1
33,3375,0,1
33,3403,0,1
33,3410,0,1
33,3417,0,1
33,3438,0,1
33,3475,0,1
34,37,0,1
34,129,0,1
34,160,0,2
34,166,0,1
34,177,0,1
34,261,0,1
34,376,0,1
34,382,0,1
34,449,0,1
34,489,0,1
34,519,0,1
34,522,0,1
34,581,0,1
34,585,0,1
34,658,0,1
34,690,0,1
34,741,0,1
34,761,0,1
34,839,0,1
34,875,0,1
34,973,0,1
34,994,0,1
34,1064,0,1
34,1117,0,1
34,1201,0,1
34,1209,0,2
34,1211,0,1
34,1229,0,1
34,1339,0,1
34,1405,0,1
34,1412,0,1
34,1480,0,1
34,1520,0,1
34,1592,0,1
34,1610,0,1
34,1642,0,1
34,1653,0,1
34,1664,0,1
34,1734,0,1
34,1752,0,1
34,1775,0,1
34,1779,0,1
34,1793,0,1
34,1841,0,1
34,1861,0,1
34,1949,0,1
34,1973,0,1
34,2029,0,1
34,2075,0,1
34,2083,0,1
34,2172,0,1
34,2184,0,1
34,2195,0,1
34,2228,0,1
34,2280,0,1
34,2361,0,1
34,2411,0,1
34,2446,0,1
34,2568,0,1
34,2641,0,1
34,2657,0,1
34,2709,0,1
34,2826,0,1
34,2844,0,1
34,2874,0,1
34,2888,0,1
34,2917,0,1
34,2936,0,1
34,2951,0,1
34,2961,0,1
34,3003,0,1
34,3009,0,1
34,3021,0,1
34,3198,0,1
34,3220,0,1
34,3262,0,1
34,3325,0,1
34,3366,0,1
34,3371,0,1
34,3379,0,1
34,3383,0,1
35,12,0,1
35,14,0,1
35,49,0,1
35,62,0,1
35,99,0,1
35,118,0,1
35,128,0,1
35,216,0,1
35,221,0,1
35,263,0,1
35,274,0,1
35,296,0,1
35,316,0,1
35,389,0,1
35,396,0,1
35,495,0,1
35,544,0,1
35,550,0,1
35,555,0,1
35,581,0,1
35,607,0,1
35,621,0,1
35,654,0,1
35,683,0,1
35,796,0,1
35,819,0,1
35,871,0,1
35,904,0,1
35,963,0,1
35,992,0,1
35,1229,0,1
35,1260,0,1
35,1274,0,1
35,1315,0,1
35,1375,0,1
35,1384,0,1
35,1394,0,1
35,1404,0,1
35,1493,0,1
35,1494,0,1
35,1495,0,1
35,1507,0,1
35,1520,0,1
35,1569,0,1
35,1596,0,1
35,1626,0,1
35,1666,0,1
35,1668,0,1
35,1687,0,1
35,1694,0,1
35,1711,0,1
35,1856,0,1
35,1862,0,1
35,1879,0,1
35,1920,0,1
35,2011,0,1
35,2088,0,1
35,2157,0,1
35,2238,0,1
35,2286,0,1
35,2353,0,1
35,2394,0,1
35,2423,0,1
35,2435,0,1
35,2463,0,1
35,2501,0,1
35,2545,0,1
35,2619,0,1
35,2641,0,1
35,2662,0,1
35,2692,0,1
35,2821,0,1
35,2832,0,1
35,2838,0,1
35,2860,0,1
35,2865,0,1
35,2897,0,1
35,2934,0,1
35,2975,0,1
35,2997,0,1
35,3017,0,1
35,3089,0,1
35,3148,0,1
35,3223,0,1
35,3226,0,1
35,3239,0,1
35,3250,0,1
35,3264,0,1
35,3274,0,1
35,3290,0,1
35,3300,0,1
35,3321,0,1
35,3333,0,1
35,3361,0,1
35,3373,0,1
35,3453,0,1
35,3471,0,1
35,3474,0,1
35,3485,0,1
36,2,0,1
36,5,0,1
36,16,0,1
36,77,0,1
36,99,0,1
36,112,0,1
36,115,0,1
36,138,0,1
36,157,0,1
36,190,0,1
36,227,0,1
36,230,0,1
36,270,0,1
36,276,0,1
36,306,0,1
36,364,0,1
36,419,0,1
36,438,0,1
36,446,0,1
36,545,0,1
36,601,0,1
36,719,0,1
36,747,0,1
36,806,0,1
36,835,0,1
36,884,0,1
36,938,0,1
36,955,0,1
36,963,0,1
36,989,0,1
36,1032,0,1
36,1172,0,1
36,1222,0,1
36,1246,0,1
36,1270,0,1
36,1291,0,1
36,1329,0,1
36,1348,0,1
36,1509,0,1
36,1534,0,1
36,1535,0,1
36,1562,0,1
36,1601,0,1
36,1622,0,1
36,1630,0,1
36,1662,0,1
36,1708,0,1
36,1709,0,1
36,1809,0,1
36,1817,0,1
36,1824,0,1
36,1845,0,1
36,1849,0,1
36,1852,0,1
36,1864,0,1
36,1885,0,1
36,1933,0,1
36,1964,0,1
36,1981,0,1
36,2166,0,1
36,2213,0,1
36,2244,0,1
36,2310,0,1
36,2348,0,1
36,2395,0,1
36,2590,0,1
36,2658,0,1
36,2675,0,1
36,2703,0,1
36,2717,0,1
36,2764,0,1
36,2771,0,1
36,2812,0,1
36,2852,0,1
36,2887,0,1
36,2908,0,1
36,2922,0,1
36,2973,0,1
36,2979,0,1
36,2982,0,1
36,3031,0,1
36,3038,0,1
36,3070,0,1
36,3095,0,1
36,3115,0,1
36,3136,0,1
36,3150,0,1
36,3177,0,1
36,3201,0,1
36,3223,0,1
36,3315,0,1
36,3338,0,1
36,3346,0,1
36,3440,0,1
36,3467,0,1
37,12,0,1
37,64,0,1
37,71,0,1
37,132,0,1
37,147,0,1
37,166,0,1
37,177,0,1
37,187,0,1
37,268,0,1
37,290,0,1
37,297,0,1
37,313,0,1
37,384,0,1
37,461,0,1
37,468,0,1
37,617,0,1
37,665,0,1
37,682,0,1
37,690,0,1
37,697,0,1
37,709,0,1
37,734,0,1
37,757,0,1
37,821,0,1
37,877,0,1
37,878,0,1
37,904,0,1
37,911,0,1
37,958,0,2
37,1000,0,1
37,1059,0,1
37,1075,0,1
37,1101,0,1
37,1113,0,1
37,1124,0,1
37,1158,0,1
37,1159,0,1
37,1234,0,1
37,1260,0,1
37,1300,0,1
37,1308,0,1
37,1328,0,1
37,1331,0,1
37,1346,0,1
37,1359,0,1
37,1362,0,1
37,1386,0,1
37,1439,0,1
37,1476,0,1
37,1493,0,1
37,1524,0,1
37,1547,0,1
37,1550,0,1
37,1564,0,1
37,1599,0,1
37,1645,0,1
37,1667,0,1
37,1755,0,1
37,1761,0,1
37,1852,0,1
37,1904,0,1
37,1915,0,1
37,1942,0,1
37,2019,0,1
37,2075,0,1
37,2123,0,1
37,2134,0,1
37,2159,0,1
37,2182,0,1
37,2189,0,1
37,2224,0,1
37,2231,0,1
37,2238,0,1
37,2269,0,1
37,2271,0,1
37,2330,0,1
37,2403,0,1
37,2419,0,1
37,2430,0,1
37,2449,0,1
37,2457,0,1
37,2600,0,1
37,2658,0,1
37,2794,0,1
37,2833,0,1
37,2835,0,1
37,2852,0,1
37,2855,0,1
37,2870,0,1
37,2914,0,1
37,2949,0,1
37,2958,0,1
37,3001,0,1
37,3070,0,1
37,3106,0,1
37,3122,0,1
37,3124,0,1
37,3136,0,1
37,3138,0,1
37,3187,0,1
37,3199,0,1
37,3235,0,1
37,3266,0,1
37,3315,0,1
37,3398,0,1
37,3448,0,1
37,3497,0,1
38,63,0,1
38,145,0,1
38,153,0,1
38,159,0,1
38,192,0,1
38,217,0,1
38,219,0,1
38,234,0,1
38,268,0,1
38,393,0,1
38,405,0,1
38,442,0,1
38,453,0,1
38,624,0,1
38,628,0,1
38,641,0,1
38,693,0,1
38,796,0,1
38,828,0,2
38,914,0,1
38,915,0,1
38,919,0,1
38,1010,0,1
38,1064,0,1
38,1086,0,1
38,1133,0,1
38,1171,0,1
38,1179,0,1
38,1241,0,1
38,1242,0,1
38,1250,0,1
38,1305,0,1
38,1341,0,1
38,1350,0,1
38,1487,0,1
38,1502,0,1
38,1571,0,1
38,1635,0,1
38,1671,0,1
38,1696,0,1
38,1697,0,1
38,1701,0,1
38,1754,0,1
38,1847,0,1
38,1854,0,1
38,1896,0,1
38,1974,0,1
38,1983,0,1
38,1994,0,1
38,2063,0,1
38,2070,0,1
38,2098,0,1
38,2099,0,1
38,2134,0,1
38,2158,0,1
38,2163,0,1
38,2216,0,1
38,2221,0,1
38,2227,0,1
38,2276,0,1
38,2282,0,1
38,2306,0,1
38,2361,0,1
38,2368,0,1
38,2369,0,1
38,2503,0,1
38,2531,0,1
38,2553,0,1
38,2600,0,1
38,2689,0,1
38,2709,0,1
38,2809,0,1
38,2936,0,1
38,2946,0,1
38,2954,0,1
38,2962,0,1
38,2975,0,1
38,2993,0,1
38,2997,0,1
38,3004,0,1
38,3009,0,1
38,3037,0,1
38,3048,0,1
38,3057,0,1
38,3134,0,1
38,3160,0,1
38,3256,0,1
38,3307,0,1
38,3309,0,1
38,3334,0,1
39,0,0,1
39,5,0,1
39,49,0,2
39,90,0,1
39,119,0,1
39,139,0,1
39,214,0,1
39,240,0,1
39,282,0,1
39,361,0,1
39,363,0,1
39,498,0,1
39,504,0,1
39,543,0,2
39,546,0,1
39,552,0,1
39,590,0,1
39,608,0,2
39,622,0,1
39,637,0,1
39,655,0,1
39,665,0,1
39,686,0,1
39,713,0,1
39,730,0,1
39,754,0,1
39,778,0,1
39,780,0,1
39,798,0,1
39,830,0,1
39,908,0,1
39,966,0,1
39,992,0,2
39,1015,0,1
39,1027,0,1
39,1032,0,1
39,1042,0,1
39,1098,0,1
39,1106,0,1
39,1168,0,1
39,1211,0,1
39,1222,0,1
39,1226,0,1
39,1257,0,1
39,1305,0,1
39,1306,0,1
39,1405,0,1
39,1423,0,1
39,1434,0,1
39,1438,0,1
39,1501,0,1
39,1553,0,1
39,1611,0,1
39,1645,0,1
39,1674,0,1
39,1681,0,1
39,1721,0,1
39,1728,0,1
39,1744,0,1
39,1751,0,1
39,1776,0,1
39,1872,0,2
39,1897,0,1
39,1906,0,1
39,1981,0,1
39,2033,0,1
39,2056,0,1
39,2066,0,1
39,2068,0,1
39,2109,0,1
39,2115,0,1
39,2142,0,1
39,2221,0,1
39,2240,0,1
39,2286,0,1
39,2414,0,1
39,2440,0,1
39,2444,0,1
39,2449,0,1
39,2483,0,1
39,2534,0,1
39,2536,0,1
39,2559,0,1
39,2583,0,1
39,2586,0,1
39,2600,0,1
39,2722,0,1
39,2731,0,1
39,2817,0,1
39,2908,0,1
39,2914,0,1
39,2921,0,1
39,2939,0,1
39,2950,0,1
39,2990,0,1
39,3003,0,1
39,3004,0,1
39,3013,0,1
39,3036,0,1
39,3084,0,1
39,3089,0,1
39,3260,0,1
39,3274,0,1
39,3325,0,1
39,3332,0,1
39,3342,0,1
39,3380,0,1
39,3392,0,1
39,3446,0,1
39,3468,0,1
39,3478,0,1
39,3497,0,1
40,32,0,1
40,62,0,1
40,131,0,1
40,132,0,1
40,217,0,1
40,223,0,1
40,274,0,1
40,362,0,1
40,391,0,1
40,396,0,1
40,523,0,1
40,537,0,1
40,545,0,1
40,611,0,1
40,690,0,1
40,703,0,1
40,709,0,1
40,728,0,1
40,877,0,1
40,887,0,1
40,893,0,1
40,894,0,1
40,898,0,1
40,982,0,1
40,1032,0,1
40,1054,0,1
40,1094,0,1
40,1129,0,1
40,1179,0,1
40,1188,0,1
40,1247,0,1
40,1255,0,1
40,1256,0,1
40,1277,0,1
40,1309,0,1
40,1313,0,1
40,1362,0,1
40,1372,0,1
40,1455,0,1
40,1544,0,1
40,1548,0,1
40,1553,0,1
40,1589,0,1
40,1606,0,1
40,1612,0,1
40,1625,0,1
40,1638,0,1
40,1643,0,1
40,1725,0,1
40,1773,0,1
40,1779,0,1
40,1805,0,1
40,1826,0,1
40,1852,0,1
40,1934,0,1
40,1964,0,1
40,1967,0,1
40,2001,0,1
40,2019,0,1
40,2050,0,1
40,2063,0,2
40,2070,0,1
40,2150,0,1
40,2199,0,1
40,2220,0,1
40,2231,0,1
40,2275,0,1
40,2292,0,1
40,2314,0,1
40,2317,0,1
40,2335,0,2
40,2362,0,1
40,2371,0,1
40,2380,0,1
40,2407,0,1
40,2520,0,1
40,2616,0,1
40,2633,0,1
40,2671,0,1
40,2716,0,1
40,2733,0,1
40,2744,0,1
40,2754,0,1
40,2761,0,1
40,2762,0,1
40,2770,0,1
40,2771,0,1
40,2880,0,1
40,2900,0,1
40,2903,0,2
40,2975,0,1
40,2994,0,1
40,2996,0,1
40,3007,0,1
40,3010,0,1
40,3014,0,1
40,3015,0,1
40,3054,0,1
40,3055,0,1
40,3058,0,1
40,3096,0,1
40,3136,0,1
40,3146,0,1
40,3170,0,1
40,3187,0,1
40,3228,0,1
40,3246,0,1
40,3291,0,1
40,3300,0,1
40,3376,0,1
40,3391,0,1
40,3410,0,1
40,3441,0,1
40,3482,0,1
41,25,0,1
41,35,0,1
41,78,0,1
41,84,0,1
41,94,0,1
41,138,0,1
41,173,0,1
41,254,0,1
41,278,0,1
41,283,0,1
41,286,0,1
41,348,0,1
41,352,0,1
41,406,0,1
41,484,0,1
41,494,0,1
41,543,0,1
41,588,0,1
41,599,0,1
41,653,0,1
41,662,0,1
41,730,0,1
41,781,0,1
41,784,0,1
41,879,0,1
41,918,0,1
41,924,0,1
41,955,0,1
41,958,0,1
41,977,0,1
41,1017,0,1
41,1034,0,1
41,1042,0,1
41,1079,0,1
41,1082,0,1
41,1098,0,1
41,1106,0,1
41,1119,0,1
41,1163,0,1
41,1168,0,1
41,1171,0,1
41,1282,0,1
41,1390,0,1
41,1602,0,1
41,1646,0,1
41,1649,0,1
41,1657,0,1
41,1658,0,1
41,1698,0,1
41,1755,0,1
41,1779,0,1
41,1797,0,1
41,1847,0,1
41,1871,0,1
41,1890,0,1
41,1938,0,1
41,1964,0,1
41,1969,0,1
41,1971,0,1
41,1980,0,1
41,2009,0,1
41,2031,0,1
41,2054,0,1
41,2079,0,1
41,2088,0,1
41,2094,0,1
41,2114,0,1
41,2131,0,1
41,2184,0,1
41,2216,0,1
41,2276,0,1
41,2294,0,1
41,2331,0,1
41,2344,0,1
41,2407,0,1
41,2451,0,1
41,2462,0,1
41,2507,0,1
41,2600,0,1
41,2606,0,1
41,2633,0,1
41,2733,0,1
41,2736,0,1
41,2739,0,1
41,2782,0,1
41,2824,0,1
41,2848,0,1
41,2872,0,1
41,2890,0,1
41,2921,0,1
41,2949,0,1
41,2968,0,1
41,2973,0,1
41,2989,0,1
41,2990,0,1
41,3000,0,1
41,3004,0,1
41,3020,0,1
41,3030,0,1
41,3031,0,1
41,3141,0,1
41,3175,0,1
41,3216,0,1
41,3247,0,1
41,3338,0,1
41,3342,0,1
41,3352,0,1
42,30,0,1
42,40,0,1
42,53,0,1
42,126,0,1
42,170,0,1
42,177,0,1
42,348,0,1
42,419,0,1
42,619,0,1
42,644,0,1
42,646,0,1
42,669,0,1
42,716,0,1
42,767,0,1
42,777,0,1
42,784,0,1
42,786,0,1
42,930,0,1
42,999,0,1
42,1095,0,1
42,1102,0,1
42,1116,0,1
42,1130,0,1
42,1161,0,1
42,1168,0,1
42,1195,0,1
42,1209,0,1
42,1212,0,1
42,1229,0,1
42,1267,0,1
42,1320,0,1
42,1398,0,1
42,1435,0,1
42,1478,0,1
42,1509,0,1
42,1512,0,1
42,1520,0,1
42,1536,0,1
42,1595,0,1
42,1669,0,1
42,1705,0,1
42,1727,0,1
42,1728,0,1
42,1730,0,1
42,1814,0,1
42,1831,0,1
42,1922,0,1
42,1994,0,1
42,1997,0,1
42,1998,0,1
42,2040,0,1
42,2100,0,1
42,2123,0,2
42,2157,0,1
42,2172,0,1
42,2180,0,1
42,2298,0,1
42,2317,0,1
42,2324,0,1
42,2341,0,1
42,2354,0,1
42,2387,0,1
42,2432,0,2
42,2434,0,1
42,2477,0,1
42,2481,0,1
42,2517,0,1
42,2552,0,1
42,2579,0,1
42,2587,0,1
42,2593,0,1
42,2634,0,1
42,2658,0,1
42,2667,0,1
42,2698,0,1
42,2716,0,1
42,2729,0,1
42,2737,0,1
42,2784,0,1
42,2829,0,1
42,2841,0,1
42,2846,0,1
42,2880,0,1
42,2894,0,1
42,2942,0,2
42,2963,0,1
42,3007,0,2
42,3030,0,1
42,3055,0,1
42,3105,0,1
42,3110,0,1
42,3133,0,1
42,3150,0,1
42,3152,0,1
42,3154,0,1
42,3175,0,1
42,3220,0,1
42,3244,0,1
42,3257,0,1
42,3287,0,1
42,3315,0,1
42,3316,0,1
42,3348,0,1
42,3400,0,1
42,3475,0,1
42,3482,0,1
43,40,0,2
43,50,0,1
43,74,0,1
43,85,0,1
43,88,0,1
43,110,0,1
43,145,0,2
43,156,0,1
43,204,0,1
43,268,0,1
43,275,0,1
43,279,0,1
43,295,0,1
43,344,0,1
43,354,0,1
43,388,0,1
43,416,0,1
43,429,0,1
43,461,0,1
43,512,0,1
43,528,0,1
43,553,0,1
43,632,0,1
43,644,0,1
43,676,0,1
43,679,0,1
43,692,0,1
43,703,0,1
43,782,0,1
43,784,0,1
43,822,0,1
43,860,0,1
43,1031,0,1
43,1081,0,1
43,1083,0,1
43,1099,0,1
43,1134,0,1
43,1220,0,1
43,1221,0,1
43,1281,0,1
43,1309,0,1
43,1313,0,1
43,1331,0,1
43,1363,0,1
43,1435,0,1
43,1446,0,1
43,1529,0,1
43,1606,0,1
43,1622,0,1
43,1630,0,1
43,1638,0,1
43,1639,0,1
43,1666,0,1
43,1705,0,1
43,1764,0,1
43,1793,0,1
43,1803,0,1
43,1862,0,1
43,1942,0,1
43,1960,0,1
43,1984,0,1
43,2024,0,1
43,2083,0,1
43,2098,0,1
43,2268,0,1
43,2273,0,1
43,2321,0,1
43,2335,0,1
43,2364,0,1
43,2387,0,1
43,2443,0,1
43,2459,0,1
43,2489,0,1
43,2493,0,1
43,2503,0,1
43,2576,0,1
43,2577,0,1
43,2590,0,1
43,2595,0,1
43,2598,0,1
43,2612,0,1
43,2647,0,1
43,2715,0,1
43,2719,0,1
43,2730,0,1
43,2735,0,1
43,2750,0,1
43,2758,0,1
43,2759,0,1
43,2785,0,1
43,2829,0,1
43,2851,0,1
43,2935,0,1
43,3041,0,1
43,3044,0,1
43,3055,0,1
43,3091,0,1
43,3157,0,1
43,3175,0,1
43,3185,0,1
43,3223,0,1
43,3251,0,1
43,3252,0,1
43,3269,0,1
43,3289,0,1
43,3344,0,1
43,3416,0,1
43,3419,0,1
43,3460,0,1
43,3471,0,1
43,3477,0,1
44,14,0,1
44,57,0,1
44,62,0,1
44,71,0,1
44,112,0,1
44,146,0,1
44,170,0,1
44,265,0,1
44,278,0,1
44,285,0,1
44,311,0,1
44,323,0,1
44,324,0,1
44,341,0,1
44,345,0,1
44,350,0,1
44,381,0,1
44,408,0,1
44,480,0,1
44,556,0,1
44,562,0,1
44,563,0,1
44,658,0,1
44,659,0,1
44,690,0,1
44,761,0,1
44,809,0,1
44,829,0,1
44,860,0,1
44,864,0,1
44,901,0,1
44,919,0,1
44,945,0,1
44,994,0,1
44,997,0,1
44,1022,0,1
44,1061,0,1
44,1098,0,1
44,1130,0,1
44,1136,0,1
44,1170,0,1
44,1205,0,1
44,1213,0,1
44,1278,0,1
44,1313,0,1
44,1368,0,1
44,1435,0,1
44,1438,0,1
44,1517,0,1
44,1527,0,1
44,1633,0,1
44,1687,0,1
44,1723,0,1
44,1741,0,1
44,1757,0,1
44,1831,0,1
44,1837,0,1
44,1851,0,1
44,1861,0,1
44,1865,0,1
44,1926,0,1
44,1960,0,1
44,1961,0,1
44,1995,0,1
44,2004,0,1
44,2043,0,1
44,2083,0,1
44,2088,0,1
44,2122,0,1
44,2123,0,1
44,2125,0,1
44,2145,0,1
44,2214,0,1
44,2255,0,1
44,2335,0,1
44,2355,0,1
44,2368,0,1
44,2381,0,1
44,2419,0,1
44,2435,0,1
44,2462,0,1
44,2463,0,1
44,2474,0,1
44,2566,0,1
44,2575,0,1
44,2579,0,1
44,2587,0,1
44,2724,0,1
44,2726,0,1
44,2767,0,1
44,2771,0,1
44,2778,0,1
44,2795,0,1
44,2831,0,1
44,2910,0,1
44,2931,0,1
44,3025,0,1
44,3044,0,1
44,3055,0,1
44,3161,0,1
44,3202,0,1
44,3215,0,1
44,3250,0,1
44,3303,0,1
44,3312,0,1
44,3484,0,1
44,3485,0,1
45,4,0,1
45,64,0,1
45,111,0,1
45,145,0,1
45,150,0,1
45,224,0,1
45,234,0,1
45,256,0,1
45,391,0,1
45,413,0,1
45,416,0,1
45,429,0,1
45,489,0,1
45,519,0,1
45,533,0,1
45,601,0,1
45,665,0,2
45,680,0,1
45,704,0,1
45,741,0,1
45,784,0,1
45,823,0,1
45,884,0,1
45,959,0,1
45,963,0,1
45,1020,0,1
45,1042,0,1
45,1058,0,1
45,1196,0,1
45,1205,0,1
45,1240,0,1
45,1243,0,1
45,1288,0,1
45,1293,0,1
45,1300,0,1
45,1352,0,1
45,1391,0,1
45,1396,0,1
45,1431,0,1
45,1557,0,1
45,1622,0,1
45,1648,0,1
45,1663,0,1
45,1669,0,1
45,1728,0,1
45,1789,0,1
45,1812,0,1
45,1826,0,1
45,1827,0,1
45,1851,0,1
45,1860,0,1
45,1867,0,1
45,1882,0,1
45,1960,0,1
45,1985,0,1
45,2063,0,1
45,2123,0,1
45,2125,0,1
45,2158,0,1
45,2169,0,1
45,2272,0,1
45,2355,0,1
45,2398,0,1
45,2463,0,1
45,2576,0,1
45,2664,0,1
45,2696,0,1
45,2722,0,1
45,2723,0,1
45,2786,0,1
45,2825,0,1
45,2842,0,1
45,2849,0,1
45,2862,0,1
45,2893,0,1
45,2894,0,1
45,2913,0,1
45,2922,0,1
45,2924,0,1
45,2949,0,1
45,2987,0,1
45,2991,0,1
45,3045,0,1
45,3059,0,1
45,3068,0,1
45,3088,0,1
45,3089,0,1
45,3091,0,1
45,3093,0,1
45,3120,0,1
45,3150,0,1
45,3184,0,1
45,3195,0,1
45,3199,0,1
45,3232,0,1
45,3234,0,1
45,3283,0,1
45,3312,0,1
45,3319,0,1
45,3375,0,1
45,3421,0,1
45,3426,0,1
45,3442,0,1
45,3450,0,1
45,3487,0,1
45,3497,0,1
46,121,0,1
46,154,0,1
46,169,0,1
46,214,0,1
46,262,0,1
46,306,0,1
46,308,0,1
46,408,0,1
46,418,0,1
46,488,0,1
46,502,0,1
46,528,0,1
46,543,0,1
46,637,0,1
46,652,0,1
46,653,0,1
46,707,0,1
46,714,0,1
46,740,0,1
46,748,0,1
46,758,0,1
46,898,0,1
46,901,0,1
46,951,0,1
46,965,0,1
46,981,0,1
46,982,0,1
46,985,0,1
46,1004,0,1
46,1018,0,1
46,1160,0,1
46,1162,0,1
46,1181,0,1
46,1188,0,1
46,1216,0,1
46,1218,0,1
46,1273,0,1
46,1332,0,1
46,1415,0,1
46,1467,0,2
46,1537,0,1
46,1632,0,1
46,1639,0,1
46,1645,0,1
46,1670,0,1
46,1759,0,1
46,1797,0,1
46,1855,0,1
46,1984,0,1
46,2067,0,1
46,2116,0,1
46,2217,0,1
46,2289,0,1
46,2294,0,1
46,2310,0,1
46,2326,0,1
46,2380,0,1
46,2389,0,1
46,2496,0,1
46,2565,0,1
46,2600,0,1
46,2622,0,1
46,2646,0,1
46,2729,0,1
46,2760,0,1
46,2832,0,1
46,2836,0,1
46,2867,0,1
46,2917,0,1
46,2927,0,1
46,2963,0,1
46,3003,0,1
46,3011,0,1
46,3052,0,1
46,3118,0,1
46,3171,0,1
46,3175,0,1
46,3263,0,1
46,3267,0,1
46,3282,0,1
46,3287,0,1
46,3337,0,1
46,3380,0,1
46,3387,0,1
46,3391,0,1
46,3398,0,1
46,3442,0,1
47,16,0,1
47,56,0,2
47,78,0,1
47,97,0,1
47,102,0,1
47,119,0,1
47,166,0,1
47,169,0,1
47,171,0,1
47,181,0,1
47,204,0,1
47,215,0,1
47,216,0,1
47,272,0,1
47,296,0,1
47,433,0,1
47,603,0,1
47,632,0,2
47,777,0,1
47,779,0,2
47,803,0,1
47,867,0,1
47,880,0,1
47,962,0,1
47,979,0,1
47,986,0,1
47,987,0,1
47,1037,0,1
47,1042,0,1
47,1062,0,1
47,1068,0,1
47,1081,0,1
47,1126,0,1
47,1128,0,1
47,1150,0,1
47,1164,0,1
47,1172,0,1
47,1188,0,1
47,1191,0,1
47,1215,0,1
47,1217,0,1
47,1324,0,1
47,1372,0,1
47,1403,0,2
47,1516,0,1
47,1518,0,1
47,1540,0,1
47,1567,0,1
47,1611,0,2
47,1613,0,1
47,1717,0,1
47,1719,0,1
47,1741,0,1
47,1769,0,1
47,1783,0,1
47,1833,0,1
47,1849,0,1
47,1862,0,1
47,2011,0,1
47,2073,0,1
47,2084,0,1
47,2182,0,1
47,2209,0,1
47,2300,0,1
47,2405,0,1
47,2494,0,1
47,2505,0,1
47,2555,0,1
47,2709,0,1
47,2726,0,1
47,2731,0,1
47,2787,0,1
47,2851,0,1
47,2883,0,1
47,2955,0,1
47,2958,0,1
47,2976,0,1
47,3010,0,1
47,3020,0,2
47,3022,0,1
47,3102,0,1
47,3143,0,1
47,3144,0,1
47,3171,0,1
47,3195,0,1
47,3202,0,1
47,3270,0,1
47,3278,0,1
47,3395,0,1
47,3430,0,1
47,3432,0,1
47,3433,0,1
47,3468,0,1
47,3498,0,1
48,7,0,1
48,12,0,1
48,15,0,2
48,30,0,1
48,60,0,1
48,76,0,1
48,118,0,1
48,129,0,1
48,161,0,1
48,194,0,1
48,247,0,1
48,306,0,1
48,311,0,1
48,321,0,1
48,366,0,1
48,467,0,1
48,511,0,2
48,519,0,1
48,521,0,1
48,567,0,1
48,591,0,1
48,598,0,1
48,600,0,1
48,614,0,1
48,658,0,1
48,746,0,1
48,810,0,1
48,904,0,1
48,910,0,1
48,911,0,1
48,1008,0,1
48,1029,0,1
48,1068,0,1
48,1091,0,1
48,1257,0,1
48,1274,0,1
48,1288,0,1
48,1305,0,1
48,1332,0,1
48,1369,0,1
48,1372,0,1
48,1376,0,1
48,1379,0,1
48,1390,0,1
48,1396,0,1
48,1400,0,1
48,1418,0,1
48,1489,0,1
48,1529,0,1
48,1541,0,1
48,1551,0,1
48,1568,0,1
48,1584,0,1
48,1623,0,1
48,1648,0,1
48,1664,0,1
48,1710,0,1
48,1711,0,1
48,1739,0,1
48,1741,0,1
48,1792,0,1
48,1916,0,1
48,2020,0,1
48,2112,0,1
48,2113,0,1
48,2125,0,1
48,2148,0,1
48,2348,0,1
48,2367,0,1
48,2377,0,1
48,2463,0,1
48,2486,0,1
48,2505,0,1
48,2508,0,1
48,2552,0,1
48,2626,0,1
48,2677,0,1
48,2687,0,1
48,2715,0,1
48,2720,0,1
48,2724,0,1
48,2774,0,1
48,2790,0,1
48,2825,0,1
48,2855,0,1
48,2884,0,1
48,2887,0,1
48,2948,0,1
48,2972,0,1
48,3003,0,1
48,3048,0,1
48,3154,0,2
48,3157,0,1
48,3177,0,1
48,3191,0,1
48,3194,0,1
48,3393,0,1
48,3426,0,1
48,3428,0,1
49,15,0,1
49,21,0,1
49,156,0,1
49,174,0,1
49,189,0,1
49,190,0,1
49,203,0,2
49,375,0,1
49,376,0,1
49,425,0,1
49,435,0,1
49,445,0,1
49,528,0,1
49,535,0,1
49,545,0,1
49,547,0,2
49,630,0,1
49,644,0,1
49,645,0,1
49,649,0,1
49,652,0,1
49,721,0,1
49,748,0,1
49,751,0,1
49,809,0,1
49,810,0,1
49,862,0,1
49,907,0,1
49,927,0,1
49,981,0,1
49,1056,0,1
49,1154,0,1
49,1301,0,1
49,1315,0,1
49,1346,0,1
49,1362,0,1
49,1375,0,1
49,1407,0,1
49,1423,0,1
49,1460,0,1
49,1478,0,1
49,1499,0,1
49,1583,0,1
49,1674,0,1
49,1694,0,1
49,1758,0,1
49,1809,0,1
49,1841,0,1
49,1849,0,1
49,1871,0,1
49,1957,0,1
49,1976,0,1
49,2009,0,1
49,2040,0,1
49,2046,0,1
49,2084,0,1
49,2179,0,1
49,2196,0,1
49,2259,0,1
49,2261,0,1
49,2268,0,1
49,2279,0,1
49,2300,0,1
49,2307,0,1
49,2375,0,1
49,2418,0,1
49,2430,0,1
49,2439,0,1
49,2450,0,1
49,2473,0,1
49,2501,0,1
49,2520,0,1
49,2658,0,1
49,2702,0,1
49,2751,0,1
49,2767,0,1
49,2772,0,1
49,2805,0,1
49,2817,0,1
49,2846,0,1
49,2849,0,1
49,2893,0,1
49,2910,0,1
49,2943,0,1
49,3032,0,1
49,3082,0,1
49,3098,0,1
49,3106,0,1
49,3112,0,1
49,3114,0,1
49,3139,0,1
49,3177,0,1
49,3225,0,1
49,3300,0,1
49,3338,0,1
49,3353,0,1
49,3387,0,1
49,3430,0,1
49,3460,0,1
49,3470,0,1
49,3488,0,1
50,7,0,1
50,90,0,1
50,104,0,1
50,136,0,1
50,138,0,1
50,157,0,1
50,169,0,1
50,199,0,1
50,216,0,1
50,223,0,1
50,254,0,1
50,275,0,1
50,303,0,1
50,304,0,1
50,316,0,1
50,321,0,1
50,364,0,1
50,365,0,1
50,406,0,1
50,456,0,1
50,460,0,1
50,464,0,1
50,490,0,1
50,502,0,1
50,557,0,1
50,560,0,1
50,583,0,1
50,585,0,2
50,586,0,1
50,646,0,1
50,655,0,1
50,719,0,1
50,723,0,1
50,799,0,1
50,806,0,1
50,842,0,1
50,880,0,1
50,881,0,1
50,882,0,1
50,901,0,1
50,918,0,1
50,1219,0,1
50,1251,0,1
50,1261,0,1
50,1281,0,1
50,1379,0,1
50,1393,0,1
50,1431,0,1
50,1445,0,1
50,1476,0,1
50,1502,0,1
50,1569,0,1
50,1574,0,1
50,1618,0,1
50,1633,0,1
50,1656,0,1
50,1657,0,1
50,1666,0,1
50,1677,0,1
50,1710,0,1
50,1772,0,1
50,1778,0,1
50,1797,0,1
50,1814,0,1
50,1922,0,1
50,1946,0,1
50,2018,0,1
50,2025,0,1
50,2076,0,1
50,2116,0,1
50,2117,0,1
50,2170,0,1
50,2176,0,1
50,2225,0,1
50,2280,0,1
50,2295,0,1
50,2351,0,1
50,2354,0,2
50,2375,0,1
50,2378,0,1
50,2388,0,1
50,2414,0,1
50,2432,0,1
50,2563,0,1
50,2593,0,1
50,2607,0,1
50,2614,0,1
50,2644,0,1
50,2695,0,1
50,2779,0,1
50,2780,0,1
50,2792,0,1
50,2884,0,1
50,2890,0,1
50,2918,0,1
50,2919,0,1
50,2961,0,1
50,2969,0,1
50,3051,0,1
50,3074,0,1
50,3140,0,1
50,3206,0,1
50,3255,0,1
50,3260,0,1
50,3305,0,1
50,3311,0,1
50,3375,0,1
50,3385,0,1
50,3457,0,1
50,3470,0,1
51,62,0,1
51,85,0,1
51,86,0,1
51,106,0,1
51,133,0,1
51,169,0,1
51,200,0,1
51,223,0,1
51,336,0,1
51,426,0,1
51,459,0,1
51,461,0,1
51,489,0,1
51,495,0,1
51,507,0,1
51,529,0,1
51,540,0,1
51,617,0,1
51,627,0,1
51,659,0,1
51,679,0,1
51,683,0,1
51,767,0,1
51,789,0,1
51,809,0,1
51,897,0,1
51,980,0,1
51,1001,0,1
51,1007,0,1
51,1081,0,1
51,1179,0,2
51,1200,0,1
51,1241,0,1
51,1250,0,1
51,1254,0,1
51,1256,0,1
51,1359,0,1
51,1425,0,1
51,1490,0,1
51,1494,0,1
51,1543,0,1
51,1547,0,1
51,1557,0,1
51,1567,0,1
51,1569,0,1
51,1571,0,1
51,1573,0,1
51,1576,0,1
51,1579,0,1
51,1632,0,1
51,1656,0,1
51,1703,0,1
51,1718,0,1
51,1768,0,1
51,1830,0,1
51,1878,0,2
51,1881,0,1
51,1899,0,1
51,1944,0,1
51,1964,0,1
51,1969,0,1
51,2049,0,1
51,2063,0,1
51,2065,0,1
51,2068,0,1
51,2086,0,1
51,2088,0,1
51,2089,0,1
51,2119,0,1
51,2146,0,1
51,2161,0,1
51,2175,0,1
51,2179,0,1
51,2238,0,1
51,2272,0,1
51,2279,0,1
51,2317,0,1
51,2318,0,1
51,2342,0,1
51,2344,0,1
51,2391,0,1
51,2399,0,1
51,2408,0,1
51,2447,0,1
51,2467,0,1
51,2490,0,1
51,2585,0,1
51,2592,0,1
51,2626,0,1
51,2676,0,1
51,2736,0,1
51,2761,0,1
51,2778,0,1
51,2779,0,1
51,2782,0,1
51,2783,0,1
51,2812,0,1
51,2814,0,1
51,2833,0,1
51,2836,0,1
51,2862,0,1
51,2895,0,1
51,2903,0,1
51,2990,0,1
51,3003,0,1
51,3021,0,1
51,3105,0,1
51,3191,0,1
51,3342,0,1
51,3389,0,1
51,3437,0,1
51,3448,0,1
51,3465,0,1
51,3475,0,1
51,3482,0,1